5,2	0	0	0	0	0	0	0	0	0	0	0	0
0,4	0	0	0	0	0	0	0	0	0	0	0	0
81,7475596	87,6324836	90,4396972	92,2656648	93,24667	93,7063716	94,2311612	94,6040152	94,1864392	93,895696	94,0026208	93,769536	93,4644144
92,0917176	86,4615384	95,6307692	0	0	0	0	0	0	0	0	0	0
0,029502	-0,0307732	-0,0033124	0,0027548	0,00079	0,0004052	0,0015664	0,0021652	-0,0008732	-0,0004168	-0,00244	0,0002872	0,0000688
-0,0307732	0,0737288	-0,0334984	-0,014698	-0,0032964	0,0013952	0,00029	-0,0020944	0,0044008	0,000538	0,0012888	-0,0005408	-0,0014756
-0,0033124	-0,0334984	0,0900612	-0,0291892	-0,0137488	-0,0109632	-0,001916	0,0019176	-0,0033988	0,0014468	0,0008496	-0,000376	0,000988
0,0027548	-0,014698	-0,0291892	0,1010536	-0,02937	-0,0136876	-0,0076128	-0,002172	-0,0059168	-0,000056	-0,000226	0,0004252	0,0006392
0,00079	-0,0032964	-0,0137488	-0,02937	0,109572	-0,0274948	-0,0137252	-0,0094692	-0,0061348	-0,0019196	-0,0020968	0,0012416	-0,001396
0,0004052	0,0013952	-0,0109632	-0,0136876	-0,0274948	0,1167448	-0,0249068	-0,0116428	-0,0099788	-0,0041012	-0,0010784	-0,000724	-0,0012012
0,0015664	0,00029	-0,001916	-0,0076128	-0,0137252	-0,0249068	0,1182624	-0,02669	-0,0102184	-0,0117284	-0,0077248	-0,002132	-0,00142
0,0021652	-0,0020944	0,0019176	-0,002172	-0,0094692	-0,0116428	-0,02669	0,1148084	-0,0165872	-0,0149844	-0,0086456	-0,0067276	-0,00892
-0,0008732	0,0044008	-0,0033988	-0,0059168	-0,0061348	-0,0099788	-0,0102184	-0,0165872	0,1163692	-0,0259824	-0,01021	-0,0047504	-0,0041872
-0,0004168	0,000538	0,0014468	-0,000056	-0,0019196	-0,0041012	-0,0117284	-0,0149844	-0,0259824	0,117228	-0,0275756	-0,0154832	-0,0095108
-0,00244	0,0012888	0,0008496	-0,000226	-0,0020968	-0,0010784	-0,0077248	-0,0086456	-0,01021	-0,0275756	0,1110812	-0,0351232	-0,017816
0,0002872	-0,0005408	-0,000376	0,0004252	0,0012416	-0,000724	-0,002132	-0,0067276	-0,0047504	-0,0154832	-0,0351232	0,10866	-0,0439196
0,0000688	-0,0014756	0,000988	0,0006392	-0,001396	-0,0012012	-0,00142	-0,00892	-0,0041872	-0,0095108	-0,017816	-0,0439196	0,1034136
0,4	0	0	0	0	0	0	0	0	0	0	0	0
51,4165344	51,8820424	52,7613944	53,4649644	53,4634408	53,2199804	52,832818	52,272558	51,0342624	50,1469256	49,6105904	48,915426	48,014782
51,464286	27,9692308	53,3230768	0	0	0	0	0	0	0	0	0	0
0,1007264	-0,05558	-0,0128252	0,0018228	0,0058936	0,0068252	0,000786	-0,0057112	-0,001334	-0,005898	-0,00752	-0,0051012	0,0013488
-0,05558	0,1422452	-0,045434	-0,022614	-0,0075164	-0,0027288	0,0001816	0,0025132	0,0027012	0,0025308	0,0012836	0,0002316	0,0007572
-0,0128252	-0,045434	0,1372552	-0,0460132	-0,0271288	-0,016428	-0,0064144	-0,000378	0,0027916	0,0045596	0,0048724	0,005026	0,0046744
0,0018228	-0,022614	-0,0460132	0,1602548	-0,036424	-0,0281232	-0,0179108	-0,0102616	-0,004692	-0,0022036	-0,0003744	0,0019588	0,0027688
0,0058936	-0,0075164	-0,0271288	-0,036424	0,1672636	-0,0324656	-0,0230436	-0,0180004	-0,0099428	-0,0088896	-0,0067136	-0,0040984	-0,0020688
0,0068252	-0,0027288	-0,016428	-0,0281232	-0,0324656	0,1755096	-0,0262596	-0,0210488	-0,0164128	-0,0143436	-0,0121356	-0,009838	-0,008924
0,000786	0,0001816	-0,0064144	-0,0179108	-0,0230436	-0,0262596	0,1741144	-0,0249212	-0,02188	-0,0199316	-0,0167252	-0,013012	-0,0119324
-0,0057112	0,0025132	-0,000378	-0,0102616	-0,0180004	-0,0210488	-0,0249212	0,1728768	-0,0241256	-0,024168	-0,020804	-0,0166728	-0,0131632
-0,001334	0,0027012	0,0027916	-0,004692	-0,0099428	-0,0164128	-0,02188	-0,0241256	0,1753824	-0,0277384	-0,0243948	-0,0221492	-0,0212572
-0,005898	0,0025308	0,0045596	-0,0022036	-0,0088896	-0,0143436	-0,0199316	-0,024168	-0,0277384	0,178322	-0,027616	-0,0248548	-0,0244076
-0,00752	0,0012836	0,0048724	-0,0003744	-0,0067136	-0,0121356	-0,0167252	-0,020804	-0,0243948	-0,027616	0,1731256	-0,02978	-0,0267888
-0,0051012	0,0002316	0,005026	0,0019588	-0,0040984	-0,009838	-0,013012	-0,0166728	-0,0221492	-0,0248548	-0,02978	0,1659108	-0,0384184
0,0013488	0,0007572	0,0046744	0,0027688	-0,0020688	-0,008924	-0,0119324	-0,0131632	-0,0212572	-0,0244076	-0,0267888	-0,0384184	0,153656
0,4	0	0	0	0	0	0	0	0	0	0	0	0
34,861422	35,3295784	34,4464944	32,3816064	31,1017356	30,4967508	30,0895116	29,78669	29,240736	29,1628068	28,8577256	28,6635664	28,3822864
30,9846856	23,5384616	32,5846152	0	0	0	0	0	0	0	0	0	0
0,1540384	-0,0856808	-0,0216644	-0,0014744	0,0005752	-0,0013964	-0,003034	-0,0056588	-0,006452	0,00217	0,0026332	-0,0001932	-0,003554
-0,0856808	0,185598	-0,0742612	-0,0316264	-0,0103192	0,0006508	0,000624	0,0010424	0,0036148	-0,0007748	-0,0011356	-0,0014204	-0,0000072
-0,0216644	-0,0742612	0,1944972	-0,0694416	-0,0377576	-0,0231704	-0,0061548	0,0016412	0,0000584	0,00141	0,0037084	0,0032196	0,0036016
-0,0014744	-0,0316264	-0,0694416	0,2492328	-0,0634732	-0,0424528	-0,022178	-0,0140972	-0,0071104	-0,0035244	-0,0011548	0,0048108	0,003802
0,0005752	-0,0103192	-0,0377576	-0,0634732	0,280076	-0,055862	-0,0444568	-0,0301808	-0,020458	-0,0118472	-0,0068472	-0,00312	-0,000368
-0,0013964	0,0006508	-0,0231704	-0,0424528	-0,055862	0,29413	-0,047932	-0,040256	-0,0267908	-0,0226044	-0,0142944	-0,0121484	-0,0101568
-0,003034	0,000624	-0,0061548	-0,022178	-0,0444568	-0,047932	0,3065284	-0,0479352	-0,0366844	-0,0321336	-0,0224408	-0,0180472	-0,0145188
-0,0056588	0,0010424	0,0016412	-0,0140972	-0,0301808	-0,040256	-0,0479352	0,3134448	-0,0470084	-0,0383484	-0,0306344	-0,0254928	-0,0183844
-0,006452	0,0036148	0,0000584	-0,0071104	-0,020458	-0,0267908	-0,0366844	-0,0470084	0,320086	-0,0386996	-0,04132	-0,0307136	-0,028196
0,00217	-0,0007748	0,00141	-0,0035244	-0,0118472	-0,0226044	-0,0321336	-0,0383484	-0,0386996	0,3177824	-0,0473688	-0,0456228	-0,0423468
0,0026332	-0,0011356	0,0037084	-0,0011548	-0,0068472	-0,0142944	-0,0224408	-0,0306344	-0,04132	-0,0473688	0,3053808	-0,0531884	-0,0443376
-0,0001932	-0,0014204	0,0032196	0,0048108	-0,00312	-0,0121484	-0,0180472	-0,0254928	-0,0307136	-0,0456228	-0,0531884	0,296356	-0,0548256
-0,003554	-0,0000072	0,0036016	0,003802	-0,000368	-0,0101568	-0,0145188	-0,0183844	-0,028196	-0,0423468	-0,0443376	-0,0548256	0,2951072
0,4	0	0	0	0	0	0	0	0	0	0	0	0
36,5900288	37,3232796	58,7666256	80,905068	87,2610632	90,0669964	91,0724352	91,52534	91,4488668	90,5756076	90,4488668	90,0875156	89,7758548
78,91135	71,753846	80,8615384	0	0	0	0	0	0	0	0	0	0
0,1753908	-0,1303416	-0,0459932	0,0060556	0,0039024	0,0024276	0,0099108	0,0123184	0,0103872	0,0056992	0,0042148	-0,0037864	-0,0366524
-0,1303416	0,3364268	-0,088018	-0,020616	0,0135096	0,0026972	-0,005018	-0,0109496	-0,010308	0,0043344	-0,0063576	0,0078624	-0,0007192
-0,0459932	-0,088018	0,2252584	-0,0842804	-0,04951	-0,0224892	0,0016608	-0,0015668	0,010482	0,006272	0,0073288	0,0122664	0,0194172
0,0060556	-0,020616	-0,0842804	0,2003296	-0,0668996	-0,0379264	-0,0141324	-0,0082112	-0,0023652	-0,0027156	0,0028088	0,0045636	0,0094108
0,0039024	0,0135096	-0,04951	-0,0668996	0,22745	-0,0453852	-0,0353412	-0,0239556	-0,016496	-0,0122192	-0,004186	-0,000262	0,0100728
0,0024276	0,0026972	-0,0224892	-0,0379264	-0,0453852	0,2284804	-0,0496856	-0,0370948	-0,0232728	-0,0095428	-0,0088472	-0,007874	0,0082524
0,0099108	-0,005018	0,0016608	-0,0141324	-0,0353412	-0,0496856	0,2138992	-0,0428344	-0,031244	-0,0178452	-0,003944	-0,0174388	0,0019696
0,0123184	-0,0109496	-0,0015668	-0,0082112	-0,0239556	-0,0370948	-0,0428344	0,2320288	-0,039354	-0,0298264	-0,0229932	-0,0114008	-0,0077236
0,0103872	-0,010308	0,010482	-0,0023652	-0,016496	-0,0232728	-0,031244	-0,039354	0,23225	-0,0497648	-0,0400368	-0,0160352	-0,0150944
0,0056992	0,0043344	0,006272	-0,0027156	-0,0122192	-0,0095428	-0,0178452	-0,0298264	-0,0497648	0,2433232	-0,0461952	-0,042062	-0,0358824
0,0042148	-0,0063576	0,0073288	0,0028088	-0,004186	-0,0088472	-0,003944	-0,0229932	-0,0400368	-0,0461952	0,2473	-0,0631668	-0,0592116
-0,0037864	0,0078624	0,0122664	0,0045636	-0,000262	-0,007874	-0,0174388	-0,0114008	-0,0160352	-0,042062	-0,0631668	0,2307888	-0,0895328
-0,0366524	-0,0007192	0,0194172	0,0094108	0,0100728	0,0082524	0,0019696	-0,0077236	-0,0150944	-0,0358824	-0,0592116	-0,0895328	0,1753504
0,4	0	0	0	0	0	0	0	0	0	0	0	0
44,8911288	45,4763388	45,5360272	45,1942104	44,4343584	43,5834584	42,6014648	41,703386	40,5325752	39,2888316	38,6637832	38,0245484	37,7821776
42,1317144	33,5692308	45,2	0	0	0	0	0	0	0	0	0	0
0,181838	-0,1247084	-0,0373032	0,0066512	-0,000164	0,001604	-0,0097628	-0,0232844	-0,0199452	-0,0116772	0,0098732	0,024168	0,025248
-0,1247084	0,3137028	-0,0828632	-0,0418976	-0,0294696	-0,0118168	-0,0121148	-0,0128748	-0,0115868	0,001924	-0,0002624	0,006382	0,0048164
-0,0373032	-0,0828632	0,3563036	-0,107792	-0,0757916	-0,0542644	-0,0281176	-0,0096384	0,0109976	0,0175624	0,0028648	0,0034456	-0,0099804
0,0066512	-0,0418976	-0,107792	0,3481208	-0,104352	-0,0746688	-0,0442676	-0,0115968	0,0140992	0,0198164	0,0081104	0,0051044	-0,0169504
-0,000164	-0,0294696	-0,0757916	-0,104352	0,3871488	-0,0829884	-0,056502	-0,027986	-0,0096012	-0,0021324	0,0029408	0,0000088	-0,0134996
0,001604	-0,0118168	-0,0542644	-0,0746688	-0,0829884	0,407568	-0,0635744	-0,0436776	-0,0335956	-0,028436	-0,0102284	0,0007276	-0,0071352
-0,0097628	-0,0121148	-0,0281176	-0,0442676	-0,056502	-0,0635744	0,424984	-0,0640672	-0,0579136	-0,0405028	-0,02933	-0,012016	-0,0058308
-0,0232844	-0,0128748	-0,0096384	-0,0115968	-0,027986	-0,0436776	-0,0640672	0,4341644	-0,077334	-0,0695884	-0,0491112	-0,0316432	-0,0051164
-0,0199452	-0,0115868	0,0109976	0,0140992	-0,0096012	-0,0335956	-0,0579136	-0,077334	0,4003144	-0,1008492	-0,0764716	-0,05544	-0,0012068
-0,0116772	0,001924	0,0175624	0,0198164	-0,0021324	-0,028436	-0,0405028	-0,0695884	-0,1008492	0,4115996	-0,1061476	-0,0795956	-0,0099024
0,0098732	-0,0002624	0,0028648	0,0081104	0,0029408	-0,0102284	-0,02933	-0,0491112	-0,0764716	-0,1061476	0,4086548	-0,1328452	-0,0305012
0,024168	0,006382	0,0034456	0,0051044	0,0000088	0,0007276	-0,012016	-0,0316432	-0,05544	-0,0795956	-0,1328452	0,3786608	-0,075198
0,025248	0,0048164	-0,0099804	-0,0169504	-0,0134996	-0,0071352	-0,0058308	-0,0051164	-0,0012068	-0,0099024	-0,0305012	-0,075198	0,159104
0,4	0	0	0	0	0	0	0	0	0	0	0	0
22,2952888	19,4917888	20,1285308	23,001382	25,9430808	29,096008	32,3909188	34,7305496	36,301994	37,2897128	38,1800388	38,6376544	38,9843284
30,4977904	27,753846	32,3692308	0	0	0	0	0	0	0	0	0	0
0,2066324	-0,0960652	0,0389864	0,063146	0,0471596	0,0287752	-0,0023772	-0,0243388	-0,0116464	-0,0135424	-0,004134	0,01945	0,067188
-0,0960652	0,4564964	-0,0987344	-0,039954	-0,011822	0,0043396	0,000774	-0,0049324	0,0028932	0,0033848	0,0020192	0,0089216	0,0276452
0,0389864	-0,0987344	0,4271636	-0,1271052	-0,0819172	-0,0433968	-0,014638	-0,0044672	0,003462	0,0043608	0,0035168	0,0004472	0,0017552
0,063146	-0,039954	-0,1271052	0,3876416	-0,1122916	-0,074654	-0,0325852	-0,016678	-0,0052776	-0,002408	-0,0013256	-0,0019008	-0,0054928
0,0471596	-0,011822	-0,0819172	-0,1122916	0,3636884	-0,0828012	-0,0486676	-0,0279296	-0,0164088	-0,0081472	-0,0057452	-0,0060168	-0,0085532
0,0287752	0,0043396	-0,0433968	-0,074654	-0,0828012	0,3458916	-0,0592528	-0,0411852	-0,0275292	-0,0169916	-0,0116908	-0,008276	-0,00634
-0,0023772	0,000774	-0,014638	-0,0325852	-0,0486676	-0,0592528	0,3128024	-0,053826	-0,03969	-0,028206	-0,01809	-0,010858	-0,0020156
-0,0243388	-0,0049324	-0,0044672	-0,016678	-0,0279296	-0,0411852	-0,053826	0,3004004	-0,0467996	-0,0367596	-0,0263708	-0,0147764	-0,0012944
-0,0116464	0,0028932	0,003462	-0,0052776	-0,0164088	-0,0275292	-0,03969	-0,0467996	0,2893756	-0,039464	-0,0308824	-0,023268	-0,011248
-0,0135424	0,0033848	0,0043608	-0,002408	-0,0081472	-0,0169916	-0,028206	-0,0367596	-0,039464	0,281076	-0,0368916	-0,0276852	-0,016156
-0,004134	0,0020192	0,0035168	-0,0013256	-0,0057452	-0,0116908	-0,01809	-0,0263708	-0,0308824	-0,0368916	0,2695512	-0,0375964	-0,02273
0,01945	0,0089216	0,0004472	-0,0019008	-0,0060168	-0,008276	-0,010858	-0,0147764	-0,023268	-0,0276852	-0,0375964	0,2553796	-0,0424572
0,067188	0,0276452	0,0017552	-0,0054928	-0,0085532	-0,00634	-0,0020156	-0,0012944	-0,011248	-0,016156	-0,02273	-0,0424572	0,18966
0,4	0	0	0	0	0	0	0	0	0	0	0	0
32,810696	29,3356164	27,8669524	26,9122228	26,473264	27,2655992	26,9039144	26,5364524	25,9645956	25,435288	25,1838604	24,9675308	24,7389636
26,953458	9,8769232	29,6923076	0	0	0	0	0	0	0	0	0	0
0,1720528	-0,0825456	-0,0128984	0,000832	-0,0176044	-0,000336	0,00241	-0,0021608	0,0000116	-0,0018364	-0,0046508	-0,0032036	0,0028876
-0,0825456	0,2637156	-0,068502	-0,052826	-0,0462884	-0,0165144	-0,0068132	-0,0035008	0,0011464	0,003642	0,0035356	0,0056332	0,0089164
-0,0128984	-0,068502	0,2637752	-0,1042268	-0,0661176	-0,0244024	-0,0142644	-0,0055264	-0,0012472	0,002446	0,005158	0,0069176	0,0054568
0,000832	-0,052826	-0,1042268	0,2865596	-0,0674492	-0,0253156	-0,0151736	-0,0084516	-0,0052372	0,0003452	0,004722	0,0057692	0,0036244
-0,0176044	-0,0462884	-0,0661176	-0,0674492	0,3263424	-0,046902	-0,0282952	-0,0185368	-0,0109668	-0,0052772	-0,0006932	0,0039916	0,0060284
-0,000336	-0,0165144	-0,0244024	-0,0253156	-0,046902	0,3139892	-0,0588584	-0,0457252	-0,0356848	-0,0275196	-0,0235736	-0,01755	-0,0143872
0,00241	-0,0068132	-0,0142644	-0,0151736	-0,0282952	-0,0588584	0,3302368	-0,0529616	-0,044276	-0,0388416	-0,0352648	-0,0299936	-0,02653
-0,0021608	-0,0035008	-0,0055264	-0,0084516	-0,0185368	-0,0457252	-0,0529616	0,3388536	-0,0513804	-0,0471856	-0,0432216	-0,0388592	-0,0342652
0,0000116	0,0011464	-0,0012472	-0,0052372	-0,0109668	-0,0356848	-0,044276	-0,0513804	0,3355228	-0,0538036	-0,0475972	-0,0431732	-0,0405916
-0,0018364	0,003642	0,002446	0,0003452	-0,0052772	-0,0275196	-0,0388416	-0,0471856	-0,0538036	0,3351276	-0,0529164	-0,0491872	-0,047472
-0,0046508	0,0035356	0,005158	0,004722	-0,0006932	-0,0235736	-0,0352648	-0,0432216	-0,0475972	-0,0529164	0,327902	-0,05576	-0,0523644
-0,0032036	0,0056332	0,0069176	0,0057692	0,0039916	-0,01755	-0,0299936	-0,0388592	-0,0431732	-0,0491872	-0,05576	0,3164432	-0,0653252
0,0028876	0,0089164	0,0054568	0,0036244	0,0060284	-0,0143872	-0,02653	-0,0342652	-0,0405916	-0,047472	-0,0523644	-0,0653252	0,3004136
0,4	0	0	0	0	0	0	0	0	0	0	0	0
23,4399832	32,1138696	37,055732	39,8145476	41,135484	42,1631428	43,2516348	43,7410228	43,4029812	43,3921676	43,4094692	43,4802452	42,990188
39,9531128	32,7692308	42,153846	0	0	0	0	0	0	0	0	0	0
0,2414928	-0,1109496	-0,0480868	-0,01386	-0,0037824	-0,0006432	-0,0009012	-0,0028928	-0,0013544	0,004446	0,0120184	0,020066	0,0147724
-0,1109496	0,2142192	-0,0852004	-0,05079	-0,0286092	-0,0143464	-0,0023348	0,0030064	0,0053064	0,0080628	0,009784	0,0111876	0,0167536
-0,0480868	-0,0852004	0,2121448	-0,0562976	-0,037374	-0,0210932	-0,0071132	-0,0008876	0,0017764	0,0028684	0,002416	0,0018016	0,0070092
-0,01386	-0,05079	-0,0562976	0,2231696	-0,038998	-0,0270988	-0,0140556	-0,007386	-0,0055764	-0,006426	-0,0075332	-0,0080608	-0,0035568
-0,0037824	-0,0286092	-0,037374	-0,038998	0,2308284	-0,0281984	-0,0201336	-0,0142912	-0,0117656	-0,0123968	-0,01292	-0,0120644	-0,0097776
-0,0006432	-0,0143464	-0,0210932	-0,0270988	-0,0281984	0,2324924	-0,0255808	-0,0204544	-0,0180512	-0,0171412	-0,01528	-0,01432	-0,0108528
-0,0009012	-0,0023348	-0,0071132	-0,0140556	-0,0201336	-0,0255808	0,227068	-0,0248596	-0,0229536	-0,020768	-0,018512	-0,0144904	-0,0133744
-0,0028928	0,0030064	-0,0008876	-0,007386	-0,0142912	-0,0204544	-0,0248596	0,2238356	-0,0265	-0,0245276	-0,0206252	-0,017772	-0,017142
-0,0013544	0,0053064	0,0017764	-0,0055764	-0,0117656	-0,0180512	-0,0229536	-0,0265	0,2271256	-0,0270908	-0,0244004	-0,0219804	-0,0217516
0,004446	0,0080628	0,0028684	-0,006426	-0,0123968	-0,0171412	-0,020768	-0,0245276	-0,0270908	0,2229652	-0,0291424	-0,0260188	-0,0292604
0,0120184	0,009784	0,002416	-0,0075332	-0,01292	-0,01528	-0,018512	-0,0206252	-0,0244004	-0,0291424	0,2113756	-0,03667	-0,031388
0,020066	0,0111876	0,0018016	-0,0080608	-0,0120644	-0,01432	-0,0144904	-0,017772	-0,0219804	-0,0260188	-0,03667	0,1984068	-0,0487812
0,0147724	0,0167536	0,0070092	-0,0035568	-0,0097776	-0,0108528	-0,0133744	-0,017142	-0,0217516	-0,0292604	-0,031388	-0,0487812	0,1785888
0,4	0	0	0	0	0	0	0	0	0	0	0	0
18,8901032	29,9088776	38,9938792	44,103666	45,6392624	46,2309452	46,0359132	45,5409504	44,31319	43,5565584	43,0356408	42,7848056	42,7492004
40,906384	20,0615384	46,3692308	0	0	0	0	0	0	0	0	0	0
0,1497784	-0,0877264	-0,00956	0,0124356	0,0058316	0,0048016	-0,003936	-0,0250204	-0,0101552	-0,0083516	0,0039148	0,013308	0,0217268
-0,0877264	0,2038436	-0,0778576	-0,0384652	-0,0130732	-0,0027512	0,0014268	0,011084	0,013194	0,00675	0,0029088	-0,0062196	-0,0064908
-0,00956	-0,0778576	0,1803208	-0,066618	-0,0403252	-0,01866	-0,0005572	0,0039944	0,0154304	0,0075876	0,0052656	-0,0026856	-0,0101224
0,0124356	-0,0384652	-0,066618	0,1852756	-0,0476964	-0,0326204	-0,016216	-0,0054952	0,0020444	0,002836	0,0002552	-0,0024516	-0,0062164
0,0058316	-0,0130732	-0,0403252	-0,0476964	0,1918504	-0,036674	-0,026442	-0,0221208	-0,0123556	-0,0094228	-0,0090248	-0,0040828	0,0011988
0,0048016	-0,0027512	-0,01866	-0,0326204	-0,036674	0,1955584	-0,039764	-0,0296276	-0,0294424	-0,0162192	-0,0095468	0,0003788	0,0128904
-0,003936	0,0014268	-0,0005572	-0,016216	-0,026442	-0,039764	0,188738	-0,0368364	-0,0392584	-0,025068	-0,0168632	-0,0030616	0,0119488
-0,0250204	0,011084	0,0039944	-0,0054952	-0,0221208	-0,0296276	-0,0368364	0,1847792	-0,0359076	-0,0343436	-0,0219588	-0,0071668	0,0083632
-0,0101552	0,013194	0,0154304	0,0020444	-0,0123556	-0,0294424	-0,0392584	-0,0359076	0,1830808	-0,0400632	-0,028132	-0,01164	-0,0010736
-0,0083516	0,00675	0,0075876	0,002836	-0,0094228	-0,0162192	-0,025068	-0,0343436	-0,0400632	0,1941388	-0,032862	-0,0174584	-0,0140544
0,0039148	0,0029088	0,0052656	0,0002552	-0,0090248	-0,0095468	-0,0168632	-0,0219588	-0,028132	-0,032862	0,1894852	-0,0418652	-0,0271528
0,013308	-0,0062196	-0,0026856	-0,0024516	-0,0040828	0,0003788	-0,0030616	-0,0071668	-0,01164	-0,0174584	-0,0418652	0,1637376	-0,0740172
0,0217268	-0,0064908	-0,0101224	-0,0062164	0,0011988	0,0128904	0,0119488	0,0083632	-0,0010736	-0,0140544	-0,0271528	-0,0740172	0,093944
0,4	0	0	0	0	0	0	0	0	0	0	0	0
13,8424644	13,398822	13,0412852	12,9049816	12,79212	12,650402	12,5612652	12,4786588	12,4606536	12,4487568	12,4325008	12,5086608	12,7249096
12,788114	8,5846152	14,246154	0	0	0	0	0	0	0	0	0	0
0,5448724	-0,113088	-0,0720524	-0,063772	-0,0594364	-0,051242	-0,0489024	-0,043608	-0,0429892	-0,0365716	-0,0313964	-0,0268392	-0,0195508
-0,113088	0,5984684	-0,135856	-0,103172	-0,0759548	-0,0577028	-0,046136	-0,0351384	-0,0290176	-0,0234468	-0,016932	-0,015366	-0,01012
-0,0720524	-0,135856	0,6338772	-0,1127976	-0,0884328	-0,0687316	-0,052046	-0,0410724	-0,0320464	-0,0269212	-0,02105	-0,0158256	-0,0133204
-0,063772	-0,103172	-0,1127976	0,6834588	-0,0865216	-0,072174	-0,0597304	-0,0491612	-0,0420912	-0,035744	-0,0301988	-0,0234088	-0,0214316
-0,0594364	-0,0759548	-0,0884328	-0,0865216	0,7051828	-0,078178	-0,0652668	-0,0574048	-0,0463416	-0,0437848	-0,0384636	-0,0337668	-0,0287444
-0,051242	-0,0577028	-0,0687316	-0,072174	-0,078178	0,7114804	-0,0709664	-0,0634444	-0,0550696	-0,0526976	-0,0453084	-0,0401228	-0,0394024
-0,0489024	-0,046136	-0,052046	-0,0597304	-0,0652668	-0,0709664	0,715714	-0,0717124	-0,0639124	-0,060848	-0,055442	-0,0494504	-0,0436388
-0,043608	-0,0351384	-0,0410724	-0,0491612	-0,0574048	-0,0634444	-0,0717124	0,6985148	-0,0698484	-0,0677004	-0,0624816	-0,054996	-0,0460556
-0,0429892	-0,0290176	-0,0320464	-0,0420912	-0,0463416	-0,0550696	-0,0639124	-0,0698484	0,7036728	-0,0697204	-0,0655848	-0,0571148	-0,05476
-0,0365716	-0,0234468	-0,0269212	-0,035744	-0,0437848	-0,0526976	-0,060848	-0,0677004	-0,0697204	0,6967904	-0,0671748	-0,0600672	-0,0583888
-0,0313964	-0,016932	-0,02105	-0,0301988	-0,0384636	-0,0453084	-0,055442	-0,0624816	-0,0655848	-0,0671748	0,670536	-0,068238	-0,060528
-0,0268392	-0,015366	-0,0158256	-0,0234088	-0,0337668	-0,0401228	-0,0494504	-0,054996	-0,0571148	-0,0600672	-0,068238	0,64747	-0,0701768
-0,0195508	-0,01012	-0,0133204	-0,0214316	-0,0287444	-0,0394024	-0,0436388	-0,0460556	-0,05476	-0,0583888	-0,060528	-0,0701768	0,6316348
0,4	0	0	0	0	0	0	0	0	0	0	0	0
13,8157004	13,2905152	12,990028	12,8340108	12,7056432	12,5681352	12,4387508	12,3495656	12,1601312	11,9441076	11,8022244	11,7124184	11,7524168
12,4895112	7,446154	16,0307692	0	0	0	0	0	0	0	0	0	0
0,5988024	-0,0925956	-0,074992	-0,0427864	-0,0268664	-0,0134128	-0,0065288	-0,0072132	-0,008962	-0,0140016	-0,0183244	-0,0194208	-0,0186732
-0,0925956	0,6347652	-0,1039808	-0,0692968	-0,0455796	-0,0287584	-0,0149288	-0,0113864	-0,0083576	-0,0101988	-0,011948	-0,010724	-0,0103084
-0,074992	-0,1039808	0,6506668	-0,0837348	-0,0607564	-0,042376	-0,0254516	-0,0183904	-0,0147684	-0,0128744	-0,0123784	-0,0104148	-0,0081696
-0,0427864	-0,0692968	-0,0837348	0,6891592	-0,0675024	-0,0598612	-0,048806	-0,0434896	-0,0365548	-0,03206	-0,0272904	-0,0252036	-0,0220812
-0,0268664	-0,0455796	-0,0607564	-0,0675024	0,6941624	-0,0698164	-0,0635212	-0,062568	-0,0548508	-0,0482176	-0,0413144	-0,036048	-0,0341248
-0,0134128	-0,0287584	-0,042376	-0,0598612	-0,0698164	0,7012012	-0,0764804	-0,0754176	-0,0681932	-0,0618128	-0,0563084	-0,0496448	-0,0492528
-0,0065288	-0,0149288	-0,0254516	-0,048806	-0,0635212	-0,0764804	0,6761892	-0,0828416	-0,0787644	-0,0702412	-0,0642476	-0,0610068	-0,0577148
-0,0072132	-0,0113864	-0,0183904	-0,0434896	-0,062568	-0,0754176	-0,0828416	0,6661204	-0,0840676	-0,0781412	-0,071666	-0,0649564	-0,064778
-0,008962	-0,0083576	-0,0147684	-0,0365548	-0,0548508	-0,0681932	-0,0787644	-0,0840676	0,6521132	-0,0780656	-0,0720228	-0,0672276	-0,0657368
-0,0140016	-0,0101988	-0,0128744	-0,03206	-0,0482176	-0,0618128	-0,0702412	-0,0781412	-0,0780656	0,6442228	-0,0748116	-0,0681856	-0,0693692
-0,0183244	-0,011948	-0,0123784	-0,0272904	-0,0413144	-0,0563084	-0,0642476	-0,071666	-0,0720228	-0,0748116	0,6195352	-0,0730304	-0,0685676
-0,0194208	-0,010724	-0,0104148	-0,0252036	-0,036048	-0,0496448	-0,0610068	-0,0649564	-0,0672276	-0,0681856	-0,0730304	0,597054	-0,0759536
-0,0186732	-0,0103084	-0,0081696	-0,0220812	-0,0341248	-0,0492528	-0,0577148	-0,064778	-0,0657368	-0,0693692	-0,0685676	-0,0759536	0,5816432
0,4	0	0	0	0	0	0	0	0	0	0	0	0
36,3783908	36,5234276	34,8537356	32,7592528	31,3126344	30,0186716	28,9773088	28,3406116	27,7561128	27,1348288	27,00558	27,0048228	27,260528
30,4096852	26,9846152	32,3692308	0	0	0	0	0	0	0	0	0	0
0,3696524	-0,1124392	-0,0864376	-0,0489088	-0,0356372	-0,027518	-0,0150904	0,0046768	0,00666	0,0043848	0,0022728	-0,0019044	0,0032064
-0,1124392	0,4420916	-0,1158632	-0,0781232	-0,0543604	-0,0308988	-0,0174588	-0,0223796	-0,0108792	0,005926	0,0107236	-0,0012764	0,0013156
-0,0864376	-0,1158632	0,5122996	-0,0889892	-0,0727772	-0,0409692	-0,027094	-0,0172624	-0,0065612	0,0034312	0,00985	0,0040332	-0,0059044
-0,0489088	-0,0781232	-0,0889892	0,5577564	-0,0887664	-0,059814	-0,0261456	-0,0177568	-0,0024472	-0,0032356	-0,0065332	0,0050136	-0,016438
-0,0356372	-0,0543604	-0,0727772	-0,0887664	0,5771776	-0,078626	-0,0494128	-0,0277588	-0,015496	-0,0137232	-0,0068428	0,0034248	-0,02376
-0,027518	-0,0308988	-0,0409692	-0,059814	-0,078626	0,630728	-0,0763208	-0,0647128	-0,0491792	-0,0430552	-0,0195616	-0,0045676	0,000468
-0,0150904	-0,0174588	-0,027094	-0,0261456	-0,0494128	-0,0763208	0,6211016	-0,1255836	-0,1016256	-0,0732324	-0,0403308	-0,001954	0,0129988
0,0046768	-0,0223796	-0,0172624	-0,0177568	-0,0277588	-0,0647128	-0,1255836	0,5763528	-0,1447972	-0,1047392	-0,0568304	-0,0137556	0,022068
0,00666	-0,0108792	-0,0065612	-0,0024472	-0,015496	-0,0491792	-0,1016256	-0,1447972	0,5885656	-0,1315716	-0,0790124	-0,0513852	-0,0000572
0,0043848	0,005926	0,0034312	-0,0032356	-0,0137232	-0,0430552	-0,0732324	-0,1047392	-0,1315716	0,6257616	-0,13004	-0,094518	-0,0504332
0,0022728	0,0107236	0,00985	-0,0065332	-0,0068428	-0,0195616	-0,0403308	-0,0568304	-0,0790124	-0,13004	0,5708868	-0,2085056	-0,0837848
-0,0019044	-0,0012764	0,0040332	0,0050136	0,0034248	-0,0045676	-0,001954	-0,0137556	-0,0513852	-0,094518	-0,2085056	0,4898936	-0,1852032
0,0032064	0,0013156	-0,0059044	-0,016438	-0,02376	0,000468	0,0129988	0,022068	-0,0000572	-0,0504332	-0,0837848	-0,1852032	0,2798216
0,4	0	0	0	0	0	0	0	0	0	0	0	0
33,440132	32,3049956	30,6860356	28,180348	26,4034452	25,3044208	24,4541012	23,8946408	23,2703224	22,7231844	22,4624264	22,2644052	22,17498
25,9664184	19,046154	27,6	0	0	0	0	0	0	0	0	0	0
0,2648284	-0,0314308	-0,0231664	-0,0247576	-0,0213764	-0,0083456	-0,0043524	-0,0048772	-0,0045896	-0,0037404	-0,0019972	0,0012424	0,0036472
-0,0314308	0,25822	-0,0575196	-0,0401408	-0,033052	-0,0239624	-0,019556	-0,0156384	-0,0135704	-0,0102824	-0,0067124	-0,005402	-0,0028132
-0,0231664	-0,0575196	0,2708444	-0,056802	-0,0440032	-0,03041	-0,0207312	-0,016956	-0,0101416	-0,0064184	-0,0033304	-0,0014112	-0,0006992
-0,0247576	-0,0401408	-0,056802	0,3224864	-0,045276	-0,02528	-0,0160516	-0,0119652	-0,0065244	-0,00429	-0,002312	0,0008912	0,0022508
-0,0213764	-0,033052	-0,0440032	-0,045276	0,3553784	-0,022162	-0,012522	-0,010872	-0,0060696	-0,003646	-0,0007608	-0,0005032	0,0020088
-0,0083456	-0,0239624	-0,03041	-0,02528	-0,022162	0,3822008	-0,0373188	-0,0332512	-0,0303972	-0,02718	-0,02616	-0,02252	-0,02119
-0,0043524	-0,019556	-0,0207312	-0,0160516	-0,012522	-0,0373188	0,38393	-0,04036	-0,036558	-0,0329836	-0,0326668	-0,0293384	-0,026396
-0,0048772	-0,0156384	-0,016956	-0,0119652	-0,010872	-0,0332512	-0,04036	0,3945684	-0,0382748	-0,0359016	-0,0358092	-0,0330372	-0,0322892
-0,0045896	-0,0135704	-0,0101416	-0,0065244	-0,0060696	-0,0303972	-0,036558	-0,0382748	0,3945804	-0,0406704	-0,039112	-0,0363664	-0,0356136
-0,0037404	-0,0102824	-0,0064184	-0,00429	-0,003646	-0,02718	-0,0329836	-0,0359016	-0,0406704	0,3924184	-0,0410076	-0,0390672	-0,0390776
-0,0019972	-0,0067124	-0,0033304	-0,002312	-0,0007608	-0,02616	-0,0326668	-0,0358092	-0,039112	-0,0410076	0,3809296	-0,0430488	-0,0407896
0,0012424	-0,005402	-0,0014112	0,0008912	-0,0005032	-0,02252	-0,0293384	-0,0330372	-0,0363664	-0,0390672	-0,0430488	0,3704016	-0,0466432
0,0036472	-0,0028132	-0,0006992	0,0022508	0,0020088	-0,02119	-0,026396	-0,0322892	-0,0356136	-0,0390776	-0,0407896	-0,0466432	0,3603276
0,4	0	0	0	0	0	0	0	0	0	0	0	0
21,7143408	19,7013764	16,0492872	11,9327188	9,7102688	12,0521664	26,4103244	38,7741532	45,5733176	49,4969172	52,5633004	54,732284	56,7443432
31,9580616	25,2615384	35,7230768	0	0	0	0	0	0	0	0	0	0
0,321764	-0,0728184	-0,0447292	-0,0525976	-0,0582424	-0,0289968	-0,025502	-0,0119996	0,001486	0,0070932	0,0076236	0,0059528	0,0063052
-0,0728184	0,4237688	-0,0938364	-0,08648	-0,068872	-0,0217176	-0,0292316	-0,01717	0,0007312	0,0077484	0,0085908	0,0055144	0,0046364
-0,0447292	-0,0938364	0,5112192	-0,1280328	-0,0982176	-0,0296448	-0,0157644	-0,0099744	0,001168	0,0097496	0,010824	0,0083972	0,0084144
-0,0525976	-0,08648	-0,1280328	0,6870536	-0,1620548	-0,0973496	0,0003228	0,0118064	0,0127584	0,0110548	0,0110072	0,0078308	0,0089488
-0,0582424	-0,068872	-0,0982176	-0,1620548	0,734816	-0,2695788	0,006868	0,0436592	0,0231192	0,0084436	0,002428	0,0004428	-0,0017804
-0,0289968	-0,0217176	-0,0296448	-0,0973496	-0,2695788	0,3384788	-0,0647696	0,043306	0,0176924	-0,006944	-0,0195268	-0,0191252	-0,0208584
-0,025502	-0,0292316	-0,0157644	0,0003228	0,006868	-0,0647696	0,2169156	-0,105062	-0,031948	-0,0024084	0,0058424	0,0069132	0,007072
-0,0119996	-0,01717	-0,0099744	0,0118064	0,0436592	0,043306	-0,105062	0,1788556	-0,057368	-0,0224928	-0,0035308	0,0020052	0,007428
0,001486	0,0007312	0,001168	0,0127584	0,0231192	0,0176924	-0,031948	-0,057368	0,181074	-0,0424192	-0,0257228	-0,0163268	-0,0067624
0,0070932	0,0077484	0,0097496	0,0110548	0,0084436	-0,006944	-0,0024084	-0,0224928	-0,0424192	0,1747648	-0,0404348	-0,033326	-0,0280356
0,0076236	0,0085908	0,010824	0,0110072	0,002428	-0,0195268	0,0058424	-0,0035308	-0,0257228	-0,0404348	0,1593832	-0,0457652	-0,0444604
0,0059528	0,0055144	0,0083972	0,0078308	0,0004428	-0,0191252	0,0069132	0,0020052	-0,0163268	-0,033326	-0,0457652	0,1451292	-0,0559012
0,0063052	0,0046364	0,0084144	0,0089488	-0,0017804	-0,0208584	0,007072	0,007428	-0,0067624	-0,0280356	-0,0444604	-0,0559012	0,1254204
0,4	0	0	0	0	0	0	0	0	0	0	0	0
27,2596612	26,5383052	24,8054236	22,2210168	20,0908476	18,0081356	15,959322	14,4922032	13,3559324	12,7796612	13,1064408	14,4284744	16,9016948
18,4574708	17,2615384	20,3692308	0	0	0	0	0	0	0	0	0	0
0,2800432	-0,2013644	-0,1531148	-0,0080676	0,0294488	0,0734248	0,0392996	0,0214548	0,0139812	-0,0733948	-0,0164944	-0,0075916	0,0479848
-0,2013644	0,54029	-0,197084	-0,1524888	-0,0276896	0,0442116	-0,03847	0,0606728	0,0061888	-0,0107148	0,0380044	0,0056648	-0,0383724
-0,1531148	-0,197084	0,8011948	-0,1416268	-0,1052328	-0,12183	0,0233012	-0,1703716	0,0273164	0,1050076	0,0118352	0,0229124	-0,0394744
-0,0080676	-0,1524888	-0,1416268	0,7929436	-0,2132492	-0,190686	0,0065036	-0,0692204	0,0088732	0,0659384	-0,0465528	-0,0634944	0,0753796
0,0294488	-0,0276896	-0,1052328	-0,2132492	0,8213308	-0,2206996	-0,0777272	-0,090128	-0,1268596	0,0828972	0,0108508	-0,0241704	0,0314884
0,0734248	0,0442116	-0,12183	-0,190686	-0,2206996	0,6679688	-0,2280496	0,0498732	0,0529164	-0,144682	-0,0444792	0,0766784	-0,008544
0,0392996	-0,03847	0,0233012	0,0065036	-0,0777272	-0,2280496	0,7900204	-0,3631492	-0,116458	-0,035616	-0,0014044	-0,0558136	0,083812
0,0214548	0,0606728	-0,1703716	-0,0692204	-0,090128	0,0498732	-0,3631492	0,87996	-0,3363052	-0,0724936	0,0653288	0,0264756	-0,0582308
0,0139812	0,0061888	0,0273164	0,0088732	-0,1268596	0,0529164	-0,116458	-0,3363052	0,9907556	-0,4234132	-0,1584952	0,0060108	0,077004
-0,0733948	-0,0107148	0,1050076	0,0659384	0,0828972	-0,144682	-0,035616	-0,0724936	-0,4234132	0,982234	-0,367748	-0,1163976	0,0769856
-0,0164944	0,0380044	0,0118352	-0,0465528	0,0108508	-0,0444792	-0,0014044	0,0653288	-0,1584952	-0,367748	0,8828556	-0,2969572	-0,1015588
-0,0075916	0,0056648	0,0229124	-0,0634944	-0,0241704	0,0766784	-0,0558136	0,0264756	0,0060108	-0,1163976	-0,2969572	0,8618304	-0,4702504
0,0479848	-0,0383724	-0,0394744	0,0753796	0,0314884	-0,008544	0,083812	-0,0582308	0,077004	0,0769856	-0,1015588	-0,4702504	0,3953964
0,4	0	0	0	0	0	0	0	0	0	0	0	0
29,3512768	28,6995996	28,1830212	27,85907	28,0127688	28,5104368	28,5623052	28,4770476	28,7391184	28,4535996	27,8395204	26,8904096	26,4075348
28,1527468	14,4	29,1384616	0	0	0	0	0	0	0	0	0	0
0,2681644	-0,0537044	-0,0357804	-0,0404856	-0,0178048	-0,0040944	-0,01652	-0,0188096	-0,0047136	0,0339448	0,0012132	-0,003578	-0,0042644
-0,0537044	0,2827768	-0,0682044	-0,0335744	-0,0034852	0,0037784	-0,0215652	-0,0230356	-0,0164156	0,0258924	-0,0375628	-0,0188516	-0,0164264
-0,0357804	-0,0682044	0,2971756	-0,0594652	-0,031146	-0,0176772	-0,0251016	-0,022284	-0,0170732	0,0156036	-0,0193468	-0,0093168	-0,0103008
-0,0404856	-0,0335744	-0,0594652	0,3086648	-0,0652016	-0,0482264	-0,028702	-0,0204268	-0,0030172	0,007672	0,0179092	0,0071868	0,0059436
-0,0178048	-0,0034852	-0,031146	-0,0652016	0,3011492	-0,0742256	-0,0350776	-0,0243736	-0,0097276	-0,0413288	0,0256428	0,0087164	0,011936
-0,0040944	0,0037784	-0,0176772	-0,0482264	-0,0742256	0,3000568	-0,0372264	-0,0253208	-0,0119472	-0,0606968	0,0168692	0,0068696	0,0119256
-0,01652	-0,0215652	-0,0251016	-0,028702	-0,0350776	-0,0372264	0,3398852	-0,0287304	-0,0220324	-0,0297552	-0,0152424	-0,0118352	-0,0081452
-0,0188096	-0,0230356	-0,022284	-0,0204268	-0,0243736	-0,0253208	-0,0287304	0,3415704	-0,0273264	-0,0276352	-0,0234164	-0,0200268	-0,0150724
-0,0047136	-0,0164156	-0,0170732	-0,0030172	-0,0097276	-0,0119472	-0,0220324	-0,0273264	0,3028844	-0,0490656	-0,0397808	-0,0319152	-0,0365256
0,0339448	0,0258924	0,0156036	0,007672	-0,0413288	-0,0606968	-0,0297552	-0,0276352	-0,0490656	0,221416	-0,0212512	-0,0221588	-0,01139
0,0012132	-0,0375628	-0,0193468	0,0179092	0,0256428	0,0168692	-0,0152424	-0,0234164	-0,0397808	-0,0212512	0,2788152	-0,054502	-0,0500408
-0,003578	-0,0188516	-0,0093168	0,0071868	0,0087164	0,0068696	-0,0118352	-0,0200268	-0,0319152	-0,0221588	-0,054502	0,3099788	-0,0504828
-0,0042644	-0,0164264	-0,0103008	0,0059436	0,011936	0,0119256	-0,0081452	-0,0150724	-0,0365256	-0,01139	-0,0500408	-0,0504828	0,2968972
0,4	0	0	0	0	0	0	0	0	0	0	0	0
50,2027988	46,5817468	43,9960728	42,6672504	42,2437592	42,3182784	41,9502548	41,182112	39,9333036	39,146504	38,5150948	37,8336948	36,8744056
41,8034828	30,2769232	46,7384616	0	0	0	0	0	0	0	0	0	0
0,0986824	-0,041138	-0,0172864	-0,0111476	-0,0130676	-0,0013356	-0,0046168	-0,0155024	0,0063868	-0,0079784	-0,0050996	-0,0016668	-0,002418
-0,041138	0,1737208	-0,03926	-0,0308224	-0,0232456	-0,02143	-0,0149184	-0,0092252	-0,0131768	-0,0067092	-0,0041564	-0,003166	-0,0004632
-0,0172864	-0,03926	0,17796	-0,0452484	-0,0342116	-0,0223936	-0,0129412	-0,0115288	-0,00355	-0,000694	0,0015228	0,0021612	0,0021108
-0,0111476	-0,0308224	-0,0452484	0,2071864	-0,0392524	-0,0320916	-0,0205352	-0,0131068	-0,0081836	0,0022112	0,0017272	0,0019132	0,0084808
-0,0130676	-0,0232456	-0,0342116	-0,0392524	0,2157268	-0,0311772	-0,0224644	-0,0187192	-0,0094136	-0,0021852	0,0001036	0,0009764	0,007528
-0,0013356	-0,02143	-0,0223936	-0,0320916	-0,0311772	0,2154332	-0,031962	-0,0182928	-0,0257368	-0,009454	-0,0051852	-0,003382	0,0068372
-0,0046168	-0,0149184	-0,0129412	-0,0205352	-0,0224644	-0,031962	0,2209044	-0,0233228	-0,0267816	-0,01625	-0,0125472	-0,0074564	0,0003508
-0,0155024	-0,0092252	-0,0115288	-0,0131068	-0,0187192	-0,0182928	-0,0233228	0,2235936	-0,0187836	-0,0204648	-0,0148228	-0,0079168	-0,0054952
0,0063868	-0,0131768	-0,00355	-0,0081836	-0,0094136	-0,0257368	-0,0267816	-0,0187836	0,2145568	-0,0381264	-0,0266276	-0,0149296	-0,0066944
-0,0079784	-0,0067092	-0,000694	0,0022112	-0,0021852	-0,009454	-0,01625	-0,0204648	-0,0381264	0,1968192	-0,0438832	-0,015754	-0,020864
-0,0050996	-0,0041564	0,0015228	0,0017272	0,0001036	-0,0051852	-0,0125472	-0,0148228	-0,0266276	-0,0438832	0,201016	-0,044172	-0,028402
-0,0016668	-0,003166	0,0021612	0,0019132	0,0009764	-0,003382	-0,0074564	-0,0079168	-0,0149296	-0,015754	-0,044172	0,1766324	-0,0814504
-0,002418	-0,0004632	0,0021108	0,0084808	0,007528	0,0068372	0,0003508	-0,0054952	-0,0066944	-0,020864	-0,028402	-0,0814504	0,1119488
0,4	0	0	0	0	0	0	0	0	0	0	0	0
17,0236156	15,4799404	14,7384136	14,0730556	13,5771432	13,2166108	12,9586768	12,8002984	12,5506292	12,2914884	12,1575032	12,0904636	12,168212
13,4712348	6,5846152	23,0153848	0	0	0	0	0	0	0	0	0	0
0,2943516	-0,154836	-0,049854	-0,014132	-0,0090936	-0,007492	-0,0123776	-0,0149844	-0,0123824	-0,0089604	-0,0043712	0,0036956	0,0123112
-0,154836	0,467366	-0,132428	-0,0830804	-0,0606228	-0,040906	-0,0290904	-0,0206816	-0,0094532	-0,0033888	0,000064	0,0080824	0,0150632
-0,049854	-0,132428	0,4853904	-0,1389516	-0,0929932	-0,0682552	-0,0415032	-0,0249952	-0,0039144	0,0026832	0,0095028	0,0120396	0,0159904
-0,014132	-0,0830804	-0,1389516	0,5408988	-0,0982048	-0,0734732	-0,0537344	-0,0385584	-0,0238024	-0,020462	-0,0155848	-0,0117264	-0,0082584
-0,0090936	-0,0606228	-0,0929932	-0,0982048	0,5766164	-0,0759544	-0,0614636	-0,0480092	-0,04111	-0,0323672	-0,0282	-0,0251988	-0,02289
-0,007492	-0,040906	-0,0682552	-0,0734732	-0,0759544	0,6170908	-0,0647988	-0,0592056	-0,0523256	-0,0479964	-0,0402596	-0,0394364	-0,0378752
-0,0123776	-0,0290904	-0,0415032	-0,0537344	-0,0614636	-0,0647988	0,6229212	-0,0691192	-0,0615628	-0,0545632	-0,0501308	-0,0495712	-0,04596
-0,0149844	-0,0206816	-0,0249952	-0,0385584	-0,0480092	-0,0592056	-0,0691192	0,617692	-0,069204	-0,0648588	-0,0578656	-0,0540372	-0,0540436
-0,0123824	-0,0094532	-0,0039144	-0,0238024	-0,04111	-0,0523256	-0,0615628	-0,069204	0,6011648	-0,0745756	-0,0689584	-0,0688712	-0,0682164
-0,0089604	-0,0033888	0,0026832	-0,020462	-0,0323672	-0,0479964	-0,0545632	-0,0648588	-0,0745756	0,59417	-0,0830472	-0,0796892	-0,0813924
-0,0043712	0,000064	0,0095028	-0,0155848	-0,0282	-0,0402596	-0,0501308	-0,0578656	-0,0689584	-0,0830472	0,5685532	-0,0885164	-0,0853096
0,0036956	0,0080824	0,0120396	-0,0117264	-0,0251988	-0,0394364	-0,0495712	-0,0540372	-0,0688712	-0,0796892	-0,0885164	0,54628	-0,1042836
0,0123112	0,0150632	0,0159904	-0,0082584	-0,02289	-0,0378752	-0,04596	-0,0540436	-0,0682164	-0,0813924	-0,0853096	-0,1042836	0,5158004
0,4	0	0	0	0	0	0	0	0	0	0	0	0
28,72608	29,0492296	28,237432	27,4700908	25,9410424	24,27787	23,1147432	22,3621524	21,5794032	20,942802	20,601926	20,3099244	20,049698
24,0509536	17,5076924	26,0307692	0	0	0	0	0	0	0	0	0	0
0,2070284	-0,0544692	-0,0163024	-0,0163176	-0,0098016	-0,0102616	-0,017542	-0,0249548	-0,0255196	-0,0221564	-0,018686	-0,0123872	-0,0088896
-0,0544692	0,2546116	-0,060412	-0,052624	-0,0429492	-0,0312856	-0,0223428	-0,0155516	-0,0092444	-0,0056856	-0,002582	-0,0019756	-0,0000348
-0,0163024	-0,060412	0,257874	-0,07695	-0,0540608	-0,0350208	-0,0187524	-0,0118532	-0,0039512	-0,0014556	0,001818	0,0040056	0,0035712
-0,0163176	-0,052624	-0,07695	0,2831748	-0,0561828	-0,0427316	-0,0228944	-0,0157604	-0,0127028	-0,0083044	-0,0051628	-0,0048988	-0,0083132
-0,0098016	-0,0429492	-0,0540608	-0,0561828	0,3114364	-0,0502384	-0,0321364	-0,0267336	-0,0192212	-0,0156092	-0,014512	-0,0108048	-0,0129524
-0,0102616	-0,0312856	-0,0350208	-0,0427316	-0,0502384	0,3474712	-0,0401952	-0,0299256	-0,0225508	-0,0197768	-0,019976	-0,0170016	-0,0146156
-0,017542	-0,0223428	-0,0187524	-0,0228944	-0,0321364	-0,0401952	0,3574768	-0,0439964	-0,03766	-0,0286068	-0,0276052	-0,0245652	-0,0226868
-0,0249548	-0,0155516	-0,0118532	-0,0157604	-0,0267336	-0,0299256	-0,0439964	0,3732592	-0,0472268	-0,0363916	-0,0348456	-0,0331684	-0,0276356
-0,0255196	-0,0092444	-0,0039512	-0,0127028	-0,0192212	-0,0225508	-0,03766	-0,0472268	0,3889016	-0,04264	-0,04172	-0,0392212	-0,0316484
-0,0221564	-0,0056856	-0,0014556	-0,0083044	-0,0156092	-0,0197768	-0,0286068	-0,0363916	-0,04264	0,387988	-0,0467956	-0,0473596	-0,0429304
-0,018686	-0,002582	0,001818	-0,0051628	-0,014512	-0,019976	-0,0276052	-0,0348456	-0,04172	-0,0467956	0,3754452	-0,0522344	-0,0466468
-0,0123872	-0,0019756	0,0040056	-0,0048988	-0,0108048	-0,0170016	-0,0245652	-0,0331684	-0,0392212	-0,0473596	-0,0522344	0,36879	-0,05649
-0,0088896	-0,0000348	0,0035712	-0,0083132	-0,0129524	-0,0146156	-0,0226868	-0,0276356	-0,0316484	-0,0429304	-0,0466468	-0,05649	0,3438704
0,4	0	0	0	0	0	0	0	0	0	0	0	0
20,9800372	18,950786	18,0304996	17,9420416	18,116118	18,3333884	18,508268	18,5071656	18,2372616	17,9233708	17,7233616	17,5682512	17,4326564
18,3271696	14,4307692	22,2153848	0	0	0	0	0	0	0	0	0	0
0,2842576	-0,0853292	-0,0448224	-0,0222344	-0,002968	0,0041916	-0,002768	-0,0113724	-0,0235056	-0,0342884	-0,0424512	-0,0475432	-0,0539212
-0,0853292	0,3625588	-0,1053072	-0,0655112	-0,0358268	-0,0176404	-0,0068472	-0,0033848	-0,0076252	-0,0122104	-0,0170424	-0,0200316	-0,0221388
-0,0448224	-0,1053072	0,3707176	-0,0964368	-0,0609824	-0,034986	-0,0155844	-0,0070364	-0,0035456	-0,0049528	-0,0051988	-0,0066228	-0,0080412
-0,0222344	-0,0655112	-0,0964368	0,4161972	-0,0704536	-0,0539588	-0,0342168	-0,0226044	-0,0165088	-0,0109156	-0,007728	-0,003968	-0,000872
-0,002968	-0,0358268	-0,0609824	-0,0704536	0,4227236	-0,0688288	-0,0515436	-0,0390132	-0,0285924	-0,0191968	-0,0096288	-0,0040212	0,0019032
0,0041916	-0,0176404	-0,034986	-0,0539588	-0,0688288	0,4308612	-0,0640616	-0,0537332	-0,0385356	-0,0238684	-0,0120088	-0,0041784	0,0015828
-0,002768	-0,0068472	-0,0155844	-0,0342168	-0,0515436	-0,0640616	0,4195836	-0,060866	-0,0459964	-0,0315312	-0,0209864	-0,0114592	-0,0038416
-0,0113724	-0,0033848	-0,0070364	-0,0226044	-0,0390132	-0,0537332	-0,060866	0,4336612	-0,0519584	-0,0390608	-0,0300116	-0,021512	-0,0144648
-0,0235056	-0,0076252	-0,0035456	-0,0165088	-0,0285924	-0,0385356	-0,0459964	-0,0519584	0,4371228	-0,0431212	-0,0361812	-0,030872	-0,0266652
-0,0342884	-0,0122104	-0,0049528	-0,0109156	-0,0191968	-0,0238684	-0,0315312	-0,0390608	-0,0431212	0,4363892	-0,047206	-0,0413436	-0,0393444
-0,0424512	-0,0170424	-0,0051988	-0,007728	-0,0096288	-0,0120088	-0,0209864	-0,0300116	-0,0361812	-0,047206	0,423878	-0,0557492	-0,0539204
-0,0475432	-0,0200316	-0,0066228	-0,003968	-0,0040212	-0,0041784	-0,0114592	-0,021512	-0,030872	-0,0413436	-0,0557492	0,4026472	-0,0712384
-0,0539212	-0,0221388	-0,0080412	-0,000872	0,0019032	0,0015828	-0,0038416	-0,0144648	-0,0266652	-0,0393444	-0,0539204	-0,0712384	0,384212
0	0	0	0	0	0	0	0	0	0	0	0	0
0,4	0	0	0	0	0	0	0	0	0	0	0	0
42,5444816	43,940914	44,6983276	44,8118172	45,5081384	48,0800444	52,6659976	56,3933112	59,0604236	60,9121516	62,8089188	64,1574136	65,1195096
53,1308808	46,6153848	54,1230768	0	0	0	0	0	0	0	0	0	0
0,067152	-0,091242	0,0102516	-0,0035544	0,0037744	0,0103536	-0,0034192	0,0077492	-0,0079728	0,0025472	-0,0053092	-0,0023448	0,0119444
-0,091242	0,3320868	-0,1426668	-0,0487876	0,006826	0,0000476	0,0087236	-0,0257688	-0,0019016	-0,004402	-0,0157856	0,014066	-0,002932
0,0102516	-0,1426668	0,3823044	-0,0879016	-0,0498988	-0,0326308	-0,0280612	-0,018712	-0,0109636	-0,0177764	0,0035056	0,001354	0,0101668
-0,0035544	-0,0487876	-0,0879016	0,4102184	-0,097866	-0,090554	-0,0432624	-0,0238352	-0,007994	-0,011406	0,0117208	0,0167208	-0,0020168
0,0037744	0,006826	-0,0498988	-0,097866	0,3672652	-0,0933632	-0,059158	-0,0194744	-0,0138124	0,0068588	-0,0101092	-0,0068068	-0,00052
0,0103536	0,0000476	-0,0326308	-0,090554	-0,0933632	0,3751288	-0,0653748	-0,0356792	-0,03252	-0,0173296	-0,0051108	0,0108884	-0,0133652
-0,0034192	0,0087236	-0,0280612	-0,0432624	-0,059158	-0,0653748	0,327502	-0,0433684	-0,0269392	-0,0194912	-0,0328844	-0,0021676	-0,0092604
0,0077492	-0,0257688	-0,018712	-0,0238352	-0,0194744	-0,0356792	-0,0433684	0,3122144	-0,0281948	-0,0277156	-0,0190364	-0,0217388	-0,0203996
-0,0079728	-0,0019016	-0,0109636	-0,007994	-0,0138124	-0,03252	-0,0269392	-0,0281948	0,2978708	-0,0464764	-0,0332184	-0,0395088	-0,0406312
0,0025472	-0,004402	-0,0177764	-0,011406	0,0068588	-0,0173296	-0,0194912	-0,0277156	-0,0464764	0,3322748	-0,0735264	-0,0493224	-0,0603868
-0,0053092	-0,0157856	0,0035056	0,0117208	-0,0101092	-0,0051108	-0,0328844	-0,0190364	-0,0332184	-0,0735264	0,3741168	-0,088658	-0,0869652
-0,0023448	0,014066	0,001354	0,0167208	-0,0068068	0,0108884	-0,0021676	-0,0217388	-0,0395088	-0,0493224	-0,088658	0,2964008	-0,1099912
0,0119444	-0,002932	0,0101668	-0,0020168	-0,00052	-0,0133652	-0,0092604	-0,0203996	-0,0406312	-0,0603868	-0,0869652	-0,1099912	0,3190016
0,4	0	0	0	0	0	0	0	0	0	0	0	0
40,0516072	41,821502	43,736044	46,074788	48,4391276	51,101304	54,0614824	56,0912728	57,2413288	58,0977972	59,2492228	60,078518	60,6546924
52,0537452	46,3384616	53,446154	0	0	0	0	0	0	0	0	0	0
0,3133956	-0,152898	-0,0715184	-0,0242944	-0,0047128	-0,0009284	-0,0046596	-0,0059544	-0,012008	-0,0029152	-0,0083672	-0,0064636	-0,0035344
-0,152898	0,4426472	-0,1093232	-0,0601796	-0,0323852	-0,014758	-0,0116804	-0,0099252	-0,0145352	-0,0110848	-0,0027472	-0,0056712	0,007736
-0,0715184	-0,1093232	0,4340212	-0,079054	-0,0619916	-0,0387132	-0,0231364	-0,01623	-0,0056448	-0,0015616	0,006958	0,0108764	0,0131124
-0,0242944	-0,0601796	-0,079054	0,4142048	-0,0958076	-0,081606	-0,0492876	-0,0253944	-0,006428	0,0061556	0,0112176	0,0147328	0,0171732
-0,0047128	-0,0323852	-0,0619916	-0,0958076	0,400694	-0,1156128	-0,0763756	-0,043412	-0,016238	0,0015724	0,008266	0,015452	0,0223024
-0,0009284	-0,014758	-0,0387132	-0,081606	-0,1156128	0,3889676	-0,0835268	-0,055668	-0,0348316	-0,0153068	-0,001204	0,0075788	0,0128084
-0,0046596	-0,0116804	-0,0231364	-0,0492876	-0,0763756	-0,0835268	0,3772912	-0,0504176	-0,0385	-0,0291384	-0,020296	-0,0116392	-0,0071628
-0,0059544	-0,0099252	-0,01623	-0,0253944	-0,043412	-0,055668	-0,0504176	0,3653596	-0,0418504	-0,0395424	-0,0307372	-0,0245964	-0,018896
-0,012008	-0,0145352	-0,0056448	-0,006428	-0,016238	-0,0348316	-0,0385	-0,0418504	0,3571132	-0,049226	-0,044862	-0,0319892	-0,0368172
-0,0029152	-0,0110848	-0,0015616	0,0061556	0,0015724	-0,0153068	-0,0291384	-0,0395424	-0,049226	0,3333556	-0,0559908	-0,0464996	-0,0501296
-0,0083672	-0,0027472	0,006958	0,0112176	0,008266	-0,001204	-0,020296	-0,0307372	-0,044862	-0,0559908	0,3305736	-0,0660788	-0,0605348
-0,0064636	-0,0056712	0,0108764	0,0147328	0,015452	0,0075788	-0,0116392	-0,0245964	-0,0319892	-0,0464996	-0,0660788	0,316702	-0,089522
-0,0035344	0,007736	0,0131124	0,0171732	0,0223024	0,0128084	-0,0071628	-0,018896	-0,0368172	-0,0501296	-0,0605348	-0,089522	0,2760856
0,4	0	0	0	0	0	0	0	0	0	0	0	0
44,5348072	47,7347992	51,0552596	52,3707544	51,377358	50,3247068	48,8628816	47,5680556	46,0798712	45,9791656	46,0508996	46,4151192	46,6242164
48,0752228	42,4923076	51,1692308	0	0	0	0	0	0	0	0	0	0
0,1111844	-0,065996	-0,026654	-0,004222	0,0042388	0,0091428	0,0017796	0,0061092	0,0051688	0,0054404	-0,0033968	-0,0115328	-0,0179568
-0,065996	0,1647436	-0,0392852	-0,0211448	-0,0145376	-0,0101832	-0,0079924	-0,0031448	-0,0017896	-0,0002088	-0,0000984	-0,0004652	-0,0000364
-0,026654	-0,0392852	0,1482772	-0,0379976	-0,0206272	-0,0166448	-0,018434	-0,009988	-0,0033316	0,0012756	-0,000306	-0,0024096	-0,0052432
-0,004222	-0,0211448	-0,0379976	0,163974	-0,0394712	-0,0349812	-0,024406	-0,0174204	-0,0081588	-0,0006712	0,0036264	0,004456	0,0025388
0,0042388	-0,0145376	-0,0206272	-0,0394712	0,1660844	-0,0443696	-0,0275028	-0,0227172	-0,0159792	-0,0074944	0,0026796	0,0092372	0,0138668
0,0091428	-0,0101832	-0,0166448	-0,0349812	-0,0443696	0,1720524	-0,032338	-0,0278088	-0,0207612	-0,0104244	0,0016208	0,0097964	0,0165636
0,0017796	-0,0079924	-0,018434	-0,024406	-0,0275028	-0,032338	0,1923076	-0,0291636	-0,0216456	-0,0141224	-0,0071148	-0,0018556	0,0013076
0,0061092	-0,0031448	-0,009988	-0,0174204	-0,0227172	-0,0278088	-0,0291636	0,1999556	-0,0291452	-0,023638	-0,015174	-0,0090992	-0,001944
0,0051688	-0,0017896	-0,0033316	-0,0081588	-0,0159792	-0,0207612	-0,0216456	-0,0291452	0,2068604	-0,0309708	-0,0242752	-0,0171128	-0,0080644
0,0054404	-0,0002088	0,0012756	-0,0006712	-0,0074944	-0,0104244	-0,0141224	-0,023638	-0,0309708	0,2032216	-0,03224	-0,0257564	-0,01597
-0,0033968	-0,0000984	-0,000306	0,0036264	0,0026796	0,0016208	-0,0071148	-0,015174	-0,0242752	-0,03224	0,1950488	-0,041396	-0,0369988
-0,0115328	-0,0004652	-0,0024096	0,004456	0,0092372	0,0097964	-0,0018556	-0,0090992	-0,0171128	-0,0257564	-0,041396	0,1755596	-0,065698
-0,0179568	-0,0000364	-0,0052432	0,0025388	0,0138668	0,0165636	0,0013076	-0,001944	-0,0080644	-0,01597	-0,0369988	-0,065698	0,132952
0,4	0	0	0	0	0	0	0	0	0	0	0	0
20,2512896	19,68838	19,5971892	19,777194	19,9720764	20,0244304	19,6066868	18,86557	17,8978696	17,0778736	16,5661188	16,390604	16,3591896
18,6211132	14,6769232	22,4615384	0	0	0	0	0	0	0	0	0	0
0,2641268	-0,111848	-0,060594	-0,0159368	-0,001742	-0,0081192	-0,0142032	-0,0264512	-0,0207704	0,002522	0,0153912	0,0321464	0,0492204
-0,111848	0,3916928	-0,0610332	-0,0369548	-0,027678	-0,027336	-0,0271812	-0,0303332	-0,02398	-0,008096	-0,0019788	0,0091812	0,0186776
-0,060594	-0,0610332	0,4218924	-0,0497872	-0,04434	-0,0399108	-0,0360948	-0,0341108	-0,0267388	-0,0152028	-0,0106592	-0,0052928	-0,000462
-0,0159368	-0,0369548	-0,0497872	0,426922	-0,0526564	-0,0473256	-0,0402916	-0,0354456	-0,0273056	-0,022134	-0,0203756	-0,0186976	-0,0192164
-0,001742	-0,027678	-0,04434	-0,0526564	0,415628	-0,0531828	-0,0461688	-0,0396116	-0,0294012	-0,0250344	-0,0235728	-0,0225164	-0,022848
-0,0081192	-0,027336	-0,0399108	-0,0473256	-0,0531828	0,4252084	-0,0485904	-0,043632	-0,0324104	-0,0231884	-0,020088	-0,018744	-0,0168144
-0,0142032	-0,0271812	-0,0360948	-0,0402916	-0,0461688	-0,0485904	0,4341936	-0,0455192	-0,037376	-0,0272668	-0,0232916	-0,019792	-0,01847
-0,0264512	-0,0303332	-0,0341108	-0,0354456	-0,0396116	-0,043632	-0,0455192	0,4427104	-0,0434344	-0,0331616	-0,0292892	-0,0254748	-0,0217532
-0,0207704	-0,02398	-0,0267388	-0,0273056	-0,0294012	-0,0324104	-0,037376	-0,0434344	0,4549364	-0,0433632	-0,0432916	-0,0400016	-0,038064
0,002522	-0,008096	-0,0152028	-0,022134	-0,0250344	-0,0231884	-0,0272668	-0,0331616	-0,0433632	0,4543768	-0,0635488	-0,0668816	-0,0708036
0,0153912	-0,0019788	-0,0106592	-0,0203756	-0,0235728	-0,020088	-0,0232916	-0,0292892	-0,0432916	-0,0635488	0,43168	-0,0882396	-0,0932648
0,0321464	0,0091812	-0,0052928	-0,0186976	-0,0225164	-0,018744	-0,019792	-0,0254748	-0,0400016	-0,0668816	-0,0882396	0,3908696	-0,122912
0,0492204	0,0186776	-0,000462	-0,0192164	-0,022848	-0,0168144	-0,01847	-0,0217532	-0,038064	-0,0708036	-0,0932648	-0,122912	0,3436608
0,4	0	0	0	0	0	0	0	0	0	0	0	0
22,658018	23,9475572	22,4954608	21,3247656	21,6210236	21,9511988	22,0861668	21,4147328	21,0262844	20,7100328	20,6358656	20,5882724	20,6951044
21,627268	9,6	25,8153848	0	0	0	0	0	0	0	0	0	0
0,1276284	-0,0630552	0,0083096	0,0066792	0,0117312	0,0090272	0,007616	-0,0082288	-0,0186884	-0,025102	-0,0204464	-0,0135184	-0,0053056
-0,0630552	0,205482	-0,0923692	-0,0088136	-0,0193764	-0,0318924	-0,0396396	-0,001916	0,0083324	0,0109904	0,0028928	-0,0001768	-0,0059116
0,0083096	-0,0923692	0,2441216	-0,1417352	-0,058866	0,0000632	0,0106824	0,016858	0,0075072	0,0029484	0,0001032	0,0008036	-0,00331
0,0066792	-0,0088136	-0,1417352	0,3039772	-0,1160744	-0,0397336	0,00956	0,0049688	0,0021572	-0,0022504	0,0004872	-0,0014516	0,0063524
0,0117312	-0,0193764	-0,058866	-0,1160744	0,3369216	-0,0971512	-0,0341412	-0,0170568	-0,0012604	0,0010632	0,0024648	-0,0003144	0,0019944
0,0090272	-0,0318924	0,0000632	-0,0397336	-0,0971512	0,322656	-0,1026388	-0,0573264	-0,014422	0,005246	0,009638	0,004514	0,000746
0,007616	-0,0396396	0,0106824	0,00956	-0,0341412	-0,1026388	0,310058	-0,0981964	-0,0509176	-0,0166856	-0,0030112	0,00114	0,000834
-0,0082288	-0,001916	0,016858	0,0049688	-0,0170568	-0,0573264	-0,0981964	0,3231984	-0,0938476	-0,0510132	-0,0168888	-0,0067976	0,0029188
-0,0186884	0,0083324	0,0075072	0,0021572	-0,0012604	-0,014422	-0,0509176	-0,0938476	0,3280696	-0,0860776	-0,0476116	-0,0273156	-0,0102076
-0,025102	0,0109904	0,0029484	-0,0022504	0,0010632	0,005246	-0,0166856	-0,0510132	-0,0860776	0,3334552	-0,0828	-0,0563492	-0,032578
-0,0204464	0,0028928	0,0001032	0,0004872	0,0024648	0,009638	-0,0030112	-0,0168888	-0,0476116	-0,0828	0,3185424	-0,0879492	-0,070316
-0,0135184	-0,0001768	0,0008036	-0,0014516	-0,0003144	0,004514	0,00114	-0,0067976	-0,0273156	-0,0563492	-0,0879492	0,3098152	-0,1049192
-0,0053056	-0,0059116	-0,00331	0,0063524	0,0019944	0,000746	0,000834	0,0029188	-0,0102076	-0,032578	-0,070316	-0,1049192	0,2492124
0,4	0	0	0	0	0	0	0	0	0	0	0	0
42,5897124	41,2415148	44,6450048	51,1537156	56,0830296	59,59038	62,975036	65,6694864	67,1019616	68,7196104	70,0693008	71,0610972	71,4600344
59,4122988	36,3692308	62	0	0	0	0	0	0	0	0	0	0
0,1572288	-0,0531672	-0,0241732	-0,0151528	-0,0094952	-0,0057764	-0,0024648	-0,002194	-0,0036484	-0,0044388	-0,003316	-0,008186	-0,007898
-0,0531672	0,1893268	-0,0634376	-0,0264272	-0,0064528	0,0040196	0,0024008	0,000136	-0,0039368	-0,0084052	-0,012708	-0,01309	-0,0153068
-0,0241732	-0,0634376	0,17427	-0,036228	-0,0140196	-0,0049728	-0,0030912	-0,0019072	-0,0049044	-0,00629	-0,00963	-0,010114	-0,010624
-0,0151528	-0,0264272	-0,036228	0,1806408	-0,0282924	-0,0210188	-0,0148356	-0,0109744	-0,007048	-0,0036172	-0,001858	-0,0012528	0,0006216
-0,0094952	-0,0064528	-0,0140196	-0,0282924	0,1639864	-0,0319516	-0,0218316	-0,0148924	-0,008026	-0,00258	0,0015812	0,0023604	0,0049036
-0,0057764	0,0040196	-0,0049728	-0,0210188	-0,0319516	0,1576512	-0,0252468	-0,0161652	-0,0102048	-0,0056484	-0,0008272	0,0023196	0,0045048
-0,0024648	0,0024008	-0,0030912	-0,0148356	-0,0218316	-0,0252468	0,1591044	-0,0184008	-0,0140576	-0,010626	-0,0073264	-0,0041976	-0,0007232
-0,002194	0,000136	-0,0019072	-0,0109744	-0,0148924	-0,0161652	-0,0184008	0,1535768	-0,0174196	-0,0163364	-0,0130344	-0,0090564	-0,00668
-0,0036484	-0,0039368	-0,0049044	-0,007048	-0,008026	-0,0102048	-0,0140576	-0,0174196	0,1533692	-0,0205908	-0,0176712	-0,01546	-0,0129776
-0,0044388	-0,0084052	-0,00629	-0,0036172	-0,00258	-0,0056484	-0,010626	-0,0163364	-0,0205908	0,1472748	-0,0230684	-0,0192752	-0,0203232
-0,003316	-0,012708	-0,00963	-0,001858	0,0015812	-0,0008272	-0,0073264	-0,0130344	-0,0176712	-0,0230684	0,1334204	-0,0291292	-0,0223572
-0,008186	-0,01309	-0,010114	-0,0012528	0,0023604	0,0023196	-0,0041976	-0,0090564	-0,01546	-0,0192752	-0,0291292	0,1248488	-0,0349972
-0,007898	-0,0153068	-0,010624	0,0006216	0,0049036	0,0045048	-0,0007232	-0,00668	-0,0129776	-0,0203232	-0,0223572	-0,0349972	0,111166
0,4	0	0	0	0	0	0	0	0	0	0	0	0
32,6320428	38,8513448	43,1640528	46,6987272	49,0758952	50,8739012	52,8036072	54,0936032	54,6367736	55,1780692	56,1818236	56,9086152	57,4955884
49,8918496	40,1846152	52,6769232	0	0	0	0	0	0	0	0	0	0
0,1811004	-0,0332	-0,0010244	0,01098	0,018008	0,0055428	0,0050696	-0,0001084	-0,0144356	-0,0180292	-0,0150424	-0,0176168	-0,0378648
-0,0332	0,204092	-0,0563296	-0,0412232	-0,028198	-0,0191324	-0,0115548	-0,0052072	-0,0008644	0,00301	0,0039924	0,0018736	0,0043172
-0,0010244	-0,0563296	0,180562	-0,0522264	-0,0394716	-0,0269896	-0,0160012	-0,0081776	-0,0004148	0,0034428	0,0043392	0,0035668	0,0053564
0,01098	-0,0412232	-0,0522264	0,1797204	-0,0428984	-0,030142	-0,021272	-0,0118904	-0,004958	-0,0005772	0,001524	0,002622	0,0058776
0,018008	-0,028198	-0,0394716	-0,0428984	0,1757416	-0,0318332	-0,026028	-0,0200092	-0,0099736	-0,0068844	-0,00498	-0,00266	0,0061736
0,0055428	-0,0191324	-0,0269896	-0,030142	-0,0318332	0,1870512	-0,02387	-0,0196368	-0,0137564	-0,0115664	-0,0083584	-0,0049064	-0,0002776
0,0050696	-0,0115548	-0,0160012	-0,021272	-0,026028	-0,02387	0,1831376	-0,0227452	-0,017394	-0,0171932	-0,0147568	-0,0100568	-0,0031268
-0,0001084	-0,0052072	-0,0081776	-0,0118904	-0,0200092	-0,0196368	-0,0227452	0,1789128	-0,022608	-0,0229196	-0,02163	-0,0150184	-0,0058888
-0,0144356	-0,0008644	-0,0004148	-0,004958	-0,0099736	-0,0137564	-0,017394	-0,022608	0,1776144	-0,0281264	-0,0262572	-0,0225904	-0,0193728
-0,0180292	0,00301	0,0034428	-0,0005772	-0,0068844	-0,0115664	-0,0171932	-0,0229196	-0,0281264	0,1719772	-0,0285652	-0,0232432	-0,0197768
-0,0150424	0,0039924	0,0043392	0,001524	-0,00498	-0,0083584	-0,0147568	-0,02163	-0,0262572	-0,0285652	0,1647464	-0,0336648	-0,0216048
-0,0176168	0,0018736	0,0035668	0,002622	-0,00266	-0,0049064	-0,0100568	-0,0150184	-0,0225904	-0,0232432	-0,0336648	0,1526488	-0,037156
-0,0378648	0,0043172	0,0053564	0,0058776	0,0061736	-0,0002776	-0,0031268	-0,0058888	-0,0193728	-0,0197768	-0,0216048	-0,037156	0,1040596
0,4	0	0	0	0	0	0	0	0	0	0	0	0
32,0762336	34,6838736	37,4413332	40,2855332	42,3355524	44,1750144	46,1305672	47,6325844	48,3872232	49,4124968	50,6019292	51,5052588	51,9915684
44,3583976	31,8769232	50,1846152	0	0	0	0	0	0	0	0	0	0
0,161204	-0,0575912	-0,0269936	-0,0154752	-0,013074	-0,0023804	-0,0020772	-0,0093912	0,0094504	-0,0067616	-0,002122	0,0005204	0,012422
-0,0575912	0,21969	-0,0583896	-0,0389604	-0,0268996	-0,0186852	-0,0099616	-0,0031452	-0,0010144	0,001102	0,0030048	0,0009856	0,0012996
-0,0269936	-0,0583896	0,2011152	-0,0568512	-0,0395832	-0,027672	-0,0117348	-0,0059848	0,0004168	0,0022412	0,0052116	0,0057496	0,0053712
-0,0154752	-0,0389604	-0,0568512	0,2046944	-0,0424936	-0,0356752	-0,0210068	-0,0109812	-0,0063376	0,0007424	0,0033716	0,005216	0,0107656
-0,013074	-0,0268996	-0,0395832	-0,0424936	0,207224	-0,0356316	-0,0249216	-0,0187812	-0,0089768	-0,0058444	-0,0029336	0,0008808	0,0066052
-0,0023804	-0,0186852	-0,027672	-0,0356752	-0,0356316	0,2002284	-0,0340552	-0,0213308	-0,020952	-0,0119116	-0,0055428	-0,000324	0,0080684
-0,0020772	-0,0099616	-0,0117348	-0,0210068	-0,0249216	-0,0340552	0,1926124	-0,0298032	-0,0283304	-0,0179536	-0,0139004	-0,0054872	0,0019824
-0,0093912	-0,0031452	-0,0059848	-0,0109812	-0,0187812	-0,0213308	-0,0298032	0,1869984	-0,0278572	-0,0275348	-0,0223136	-0,0119336	-0,0077168
0,0094504	-0,0010144	0,0004168	-0,0063376	-0,0089768	-0,020952	-0,0283304	-0,0278572	0,1741236	-0,0331032	-0,0298944	-0,0175084	-0,0159036
-0,0067616	0,001102	0,0022412	0,0007424	-0,0058444	-0,0119116	-0,0179536	-0,0275348	-0,0331032	0,1689048	-0,032102	-0,0189596	-0,0210524
-0,002122	0,0030048	0,0052116	0,0033716	-0,0029336	-0,0055428	-0,0139004	-0,0223136	-0,0298944	-0,032102	0,1584132	-0,0339704	-0,0245132
0,0005204	0,0009856	0,0057496	0,005216	0,0008808	-0,000324	-0,0054872	-0,0119336	-0,0175084	-0,0189596	-0,0339704	0,1385888	-0,0562196
0,012422	0,0012996	0,0053712	0,0107656	0,0066052	0,0080684	0,0019824	-0,0077168	-0,0159036	-0,0210524	-0,0245132	-0,0562196	0,0888796
0,4	0	0	0	0	0	0	0	0	0	0	0	0
30,6545548	32,0877792	32,4571428	32,218586	31,681924	31,0612468	30,5313292	30,2375636	29,687518	29,0649588	28,7358516	28,4025096	28,0001044
30,3708516	20,8923076	32,553846	0	0	0	0	0	0	0	0	0	0
0,1173652	-0,0713456	-0,0111688	0,009782	0,0071972	0,0073864	0,001022	-0,0037264	-0,0094164	-0,0146276	-0,0072684	-0,0045736	-0,0060648
-0,0713456	0,174228	-0,0820312	-0,0364412	-0,007504	0,0083868	0,0058736	-0,0036044	0,0015108	0,006478	0,0016244	0,0036624	0,0002048
-0,0111688	-0,0820312	0,1897008	-0,0746996	-0,0432	-0,0213464	-0,005242	0,0086848	0,0069332	0,0069084	0,0048276	0,0067932	0,00538
0,009782	-0,0364412	-0,0746996	0,2378152	-0,0613516	-0,0467176	-0,0258668	-0,0088748	-0,0057528	-0,0051496	0,0049056	-0,0001036	0,0032492
0,0071972	-0,007504	-0,0432	-0,0613516	0,2546356	-0,0598784	-0,0427208	-0,0310088	-0,0165344	-0,0074492	-0,0019912	0,000822	0,0063744
0,0073864	0,0083868	-0,0213464	-0,0467176	-0,0598784	0,2642404	-0,0550352	-0,0420868	-0,026058	-0,0165944	-0,013266	-0,0064164	0,0014812
0,001022	0,0058736	-0,005242	-0,0258668	-0,0427208	-0,0550352	0,2776616	-0,050994	-0,043162	-0,0279316	-0,0188028	-0,0068892	-0,009666
-0,0037264	-0,0036044	0,0086848	-0,0088748	-0,0310088	-0,0420868	-0,050994	0,2847808	-0,0445424	-0,036092	-0,0280892	-0,0238388	-0,0206116
-0,0094164	0,0015108	0,0069332	-0,0057528	-0,0165344	-0,026058	-0,043162	-0,0445424	0,2975372	-0,0460964	-0,039576	-0,0333584	-0,0317024
-0,0146276	0,006478	0,0069084	-0,0051496	-0,0074492	-0,0165944	-0,0279316	-0,036092	-0,0460964	0,3153304	-0,0506252	-0,0512224	-0,046668
-0,0072684	0,0016244	0,0048276	0,0049056	-0,0019912	-0,013266	-0,0188028	-0,0280892	-0,039576	-0,0506252	0,2977032	-0,056684	-0,0604072
-0,0045736	0,0036624	0,0067932	-0,0001036	0,000822	-0,0064164	-0,0068892	-0,0238388	-0,0333584	-0,0512224	-0,056684	0,282164	-0,0661016
-0,0060648	0,0002048	0,00538	0,0032492	0,0063744	0,0014812	-0,009666	-0,0206116	-0,0317024	-0,046668	-0,0604072	-0,0661016	0,2777728
0,4	0	0	0	0	0	0	0	0	0	0	0	0
26,965686	26,879132	26,0015272	25,1199724	24,242856	23,5935328	23,0355832	22,5873628	22,1818552	22,0537564	21,9367924	21,9408936	22,0198952
23,7352956	8,8615384	25,6307692	0	0	0	0	0	0	0	0	0	0
0,2236204	-0,0957364	-0,037732	-0,0111472	-0,0047088	-0,0030024	-0,0021268	-0,0039528	-0,0090624	-0,0082048	-0,0118064	-0,0131616	-0,0059824
-0,0957364	0,2767952	-0,0896492	-0,0561308	-0,0289776	-0,0151168	-0,0067312	-0,0017116	0,000098	-0,0003992	0,000042	-0,0006004	0,0037504
-0,037732	-0,0896492	0,2977424	-0,07685	-0,0471848	-0,0325172	-0,0178616	-0,0108224	-0,0066924	-0,0044304	-0,00169	-0,000564	-0,0008096
-0,0111472	-0,0561308	-0,07685	0,335312	-0,0699324	-0,0500212	-0,0330028	-0,0228964	-0,0156996	-0,0130308	-0,0073876	-0,0029672	-0,0046192
-0,0047088	-0,0289776	-0,0471848	-0,0699324	0,3631204	-0,0640636	-0,0484048	-0,0373444	-0,0273124	-0,0220512	-0,0146804	-0,0103276	-0,009912
-0,0030024	-0,0151168	-0,0325172	-0,0500212	-0,0640636	0,3817284	-0,059578	-0,044592	-0,033574	-0,0299868	-0,0225068	-0,0154868	-0,0160248
-0,0021268	-0,0067312	-0,0178616	-0,0330028	-0,0484048	-0,059578	0,391016	-0,0582448	-0,0448736	-0,0370068	-0,0288004	-0,0228928	-0,022804
-0,0039528	-0,0017116	-0,0108224	-0,0228964	-0,0373444	-0,044592	-0,0582448	0,3967712	-0,0552776	-0,043766	-0,0347164	-0,0282056	-0,026376
-0,0090624	0,000098	-0,0066924	-0,0156996	-0,0273124	-0,033574	-0,0448736	-0,0552776	0,4155728	-0,0503784	-0,0403188	-0,0352204	-0,0316732
-0,0082048	-0,0003992	-0,0044304	-0,0130308	-0,0220512	-0,0299868	-0,0370068	-0,043766	-0,0503784	0,4170768	-0,0478832	-0,0388376	-0,0363788
-0,0118064	0,000042	-0,00169	-0,0073876	-0,0146804	-0,0225068	-0,0288004	-0,0347164	-0,0403188	-0,0478832	0,4096552	-0,0505172	-0,0412008
-0,0131616	-0,0006004	-0,000564	-0,0029672	-0,0103276	-0,0154868	-0,0228928	-0,0282056	-0,0352204	-0,0388376	-0,0505172	0,3942772	-0,0617444
-0,0059824	0,0037504	-0,0008096	-0,0046192	-0,009912	-0,0160248	-0,022804	-0,026376	-0,0316732	-0,0363788	-0,0412008	-0,0617444	0,3738656
0,4	0	0	0	0	0	0	0	0	0	0	0	0
60,2988684	63,1132296	65,1146464	66,921094	68,0890908	69,069462	70,0757144	70,8784172	71,0589352	71,8139788	72,5932428	73,0956688	73,344704
68,8820808	56,7692308	92,953846	0	0	0	0	0	0	0	0	0	0
0,0761636	-0,0601876	-0,0119216	-0,004548	-0,003552	0,0004896	0,0009664	0,0018492	0,022544	-0,0102872	-0,0108232	-0,0093028	0,0071516
-0,0601876	0,159312	-0,0484944	-0,0293824	-0,0152244	-0,0070576	-0,0026656	0,0002924	0,0013212	-0,0000088	0,0012288	-0,0020352	-0,0028052
-0,0119216	-0,0484944	0,1584512	-0,0428764	-0,027908	-0,0162424	-0,0071512	-0,0027924	-0,0131236	0,0072844	0,0070884	0,0017192	-0,011026
-0,004548	-0,0293824	-0,0428764	0,1808208	-0,0308056	-0,026326	-0,0197492	-0,0141308	-0,0135416	-0,002636	-0,0010848	0,002144	-0,0014824
-0,003552	-0,0152244	-0,027908	-0,0308056	0,1801508	-0,0300468	-0,0256936	-0,0208692	-0,0130848	-0,0126024	-0,0054832	-0,0019024	0,005754
0,0004896	-0,0070576	-0,0162424	-0,026326	-0,0300468	0,1823392	-0,0314712	-0,0273308	-0,0178064	-0,0157688	-0,0127236	-0,0039956	0,0073648
0,0009664	-0,0026656	-0,0071512	-0,0197492	-0,0256936	-0,0314712	0,179004	-0,0331348	-0,0193516	-0,0231668	-0,0153144	-0,0066452	0,011026
0,0018492	0,0002924	-0,0027924	-0,0141308	-0,0208692	-0,0273308	-0,0331348	0,1784628	-0,0249736	-0,0280564	-0,0189764	-0,0083116	0,0056964
0,022544	0,0013212	-0,0131236	-0,0135416	-0,0130848	-0,0178064	-0,0193516	-0,0249736	0,1615176	-0,0162184	-0,013416	-0,0191392	-0,0339328
-0,0102872	-0,0000088	0,0072844	-0,002636	-0,0126024	-0,0157688	-0,0231668	-0,0280564	-0,0162184	0,1732132	-0,0342864	-0,023364	-0,0025032
-0,0108232	0,0012288	0,0070884	-0,0010848	-0,0054832	-0,0127236	-0,0153144	-0,0189764	-0,013416	-0,0342864	0,1634888	-0,036772	-0,0135896
-0,0093028	-0,0020352	0,0017192	0,002144	-0,0019024	-0,0039956	-0,0066452	-0,0083116	-0,0191392	-0,023364	-0,036772	0,1594192	-0,0447264
0,0071516	-0,0028052	-0,011026	-0,0014824	0,005754	0,0073648	0,011026	0,0056964	-0,0339328	-0,0025032	-0,0135896	-0,0447264	0,0739788
0,4	0	0	0	0	0	0	0	0	0	0	0	0
39,128506	44,6485224	49,6712928	52,3837164	53,2004528	53,958034	54,0327236	52,8978196	50,7639612	49,3828776	48,276608	47,2942348	46,016398
49,3580884	23,1384616	54,2769232	0	0	0	0	0	0	0	0	0	0
0,157974	-0,0443684	-0,02779	-0,0093972	-0,0117616	-0,002212	-0,0007736	-0,0208948	0,0105184	-0,0087156	0,000332	0,002736	-0,000906
-0,0443684	0,1560268	-0,0459328	-0,0274968	-0,0184908	-0,0160484	-0,0047536	0,0075012	0,0042348	0,0054184	-0,0007836	-0,0025984	-0,0040168
-0,02779	-0,0459328	0,1612156	-0,0375572	-0,027766	-0,0203576	-0,0112172	-0,0102908	0,0030004	0,0005616	0,0043096	0,0039172	0,0021432
-0,0093972	-0,0274968	-0,0375572	0,1688352	-0,0333188	-0,0287808	-0,02308	-0,0135952	-0,0101248	-0,0013428	-0,0014748	0,001502	0,0076524
-0,0117616	-0,0184908	-0,027766	-0,0333188	0,1686172	-0,0299588	-0,0255032	-0,0194448	-0,0141704	-0,0067224	-0,0066268	-0,0017304	0,0045832
-0,002212	-0,0160484	-0,0203576	-0,0287808	-0,0299588	0,1648428	-0,0350052	-0,0218644	-0,0225592	-0,0072076	-0,003258	0,0031172	0,0137064
-0,0007736	-0,0047536	-0,0112172	-0,02308	-0,0255032	-0,0350052	0,1603252	-0,0279836	-0,0291296	-0,0129124	-0,0085052	-0,0000252	0,011886
-0,0208948	0,0075012	-0,0102908	-0,0135952	-0,0194448	-0,0218644	-0,0279836	0,1614772	-0,0220256	-0,023548	-0,0115456	-0,0026376	0,0012436
0,0105184	0,0042348	0,0030004	-0,0101248	-0,0141704	-0,0225592	-0,0291296	-0,0220256	0,1678652	-0,0296856	-0,0239072	-0,0148224	-0,0034076
-0,0087156	0,0054184	0,0005616	-0,0013428	-0,0067224	-0,0072076	-0,0129124	-0,023548	-0,0296856	0,1695376	-0,03193	-0,0195792	-0,0272948
0,000332	-0,0007836	0,0043096	-0,0014748	-0,0066268	-0,003258	-0,0085052	-0,0115456	-0,0239072	-0,03193	0,16152	-0,0442288	-0,0301408
0,002736	-0,0025984	0,0039172	0,001502	-0,0017304	0,0031172	-0,0000252	-0,0026376	-0,0148224	-0,0195792	-0,0442288	0,1406916	-0,0680776
-0,000906	-0,0040168	0,0021432	0,0076524	0,0045832	0,0137064	0,011886	0,0012436	-0,0034076	-0,0272948	-0,0301408	-0,0680776	0,0960232
0,4	0	0	0	0	0	0	0	0	0	0	0	0
26,5734844	24,805688	23,8735912	23,2183384	22,8797872	22,637286	22,3566632	22,1614688	21,8797064	21,6413432	21,5844384	21,4950804	21,3620984
22,8053056	19,8153848	26,953846	0	0	0	0	0	0	0	0	0	0
0,5142004	-0,1806956	-0,1518096	-0,0964656	-0,0548264	0,0007808	-0,0024016	0,0091916	-0,0036412	-0,010876	-0,0093496	0,0268016	0,0184024
-0,1806956	0,6281268	-0,1559712	-0,1070688	-0,0532772	-0,0071912	-0,0028544	-0,0065256	-0,0026456	0,0063464	0,0047064	0,0123524	0,0138096
-0,1518096	-0,1559712	0,7331632	-0,1567164	-0,0982916	-0,0244852	-0,0126044	-0,0011216	0,006906	0,0072996	0,0105676	0,0193768	0,0171288
-0,0964656	-0,1070688	-0,1567164	0,77064	-0,1431328	-0,0663228	-0,0400008	-0,0339728	-0,0113668	0,0049184	0,0163812	0,0246256	0,007664
-0,0548264	-0,0532772	-0,0982916	-0,1431328	0,788952	-0,1212776	-0,08718	-0,0720356	-0,041848	-0,0144928	-0,005092	0,0023472	-0,0242404
0,0007808	-0,0071912	-0,0244852	-0,0663228	-0,1212776	0,7999304	-0,1288736	-0,1103924	-0,0829412	-0,0648608	-0,0521004	-0,0568988	-0,0529952
-0,0024016	-0,0028544	-0,0126044	-0,0400008	-0,08718	-0,1288736	0,8214024	-0,120052	-0,1140216	-0,1042748	-0,089082	-0,0691968	-0,0623408
0,0091916	-0,0065256	-0,0011216	-0,0339728	-0,0720356	-0,1103924	-0,120052	0,818604	-0,1298124	-0,1144544	-0,0924756	-0,0833356	-0,0733784
-0,0036412	-0,0026456	0,006906	-0,0113668	-0,041848	-0,0829412	-0,1140216	-0,1298124	0,7992828	-0,152544	-0,1366212	-0,088112	-0,0878792
-0,010876	0,0063464	0,0072996	0,0049184	-0,0144928	-0,0648608	-0,1042748	-0,1144544	-0,152544	0,7839776	-0,1559984	-0,1161976	-0,0906404
-0,0093496	0,0047064	0,0105676	0,0163812	-0,005092	-0,0521004	-0,089082	-0,0924756	-0,1366212	-0,1559984	0,7665868	-0,1371212	-0,1244032
0,0268016	0,0123524	0,0193768	0,0246256	0,0023472	-0,0568988	-0,0691968	-0,0833356	-0,088112	-0,1161976	-0,1371212	0,7253772	-0,1756296
0,0184024	0,0138096	0,0171288	0,007664	-0,0242404	-0,0529952	-0,0623408	-0,0733784	-0,0878792	-0,0906404	-0,1244032	-0,1756296	0,6732456
0,4	0	0	0	0	0	0	0	0	0	0	0	0
20,998456	19,5893312	18,8437796	18,4498428	18,0998932	17,7814516	17,4994504	17,318142	17,032372	16,834086	16,7061816	16,6236956	16,4719016
17,8652756	14,8	21,446154	0	0	0	0	0	0	0	0	0	0
0,3297588	-0,0880256	-0,0623212	-0,0480856	-0,044314	-0,0222396	-0,018514	-0,0254612	0,0044192	-0,0050892	0,0046332	0,0044796	0,0074648
-0,0880256	0,4452288	-0,0711492	-0,0640284	-0,0542896	-0,0477324	-0,0406228	-0,0265016	-0,0137376	-0,0123988	-0,0008404	0,0035812	0,0052756
-0,0623212	-0,0711492	0,4644872	-0,0745428	-0,0654996	-0,0581196	-0,0458788	-0,033768	-0,0135088	-0,008312	-0,004466	0,0010112	0,0157496
-0,0480856	-0,0640284	-0,0745428	0,4858176	-0,0731416	-0,0694112	-0,0606568	-0,0380024	-0,0228228	-0,012736	-0,0073712	-0,0003656	0,0121232
-0,044314	-0,0542896	-0,0654996	-0,0731416	0,4925216	-0,0692552	-0,0613676	-0,0435124	-0,0250792	-0,0173692	-0,0130068	-0,0038492	0,0084092
-0,0222396	-0,0477324	-0,0581196	-0,0694112	-0,0692552	0,4949412	-0,0707452	-0,0478704	-0,0406328	-0,0276008	-0,0189164	-0,0063464	0,0178708
-0,018514	-0,0406228	-0,0458788	-0,0606568	-0,0613676	-0,0707452	0,4944	-0,049874	-0,047212	-0,0334308	-0,0221888	-0,0110744	0,0040996
-0,0254612	-0,0265016	-0,033768	-0,0380024	-0,0435124	-0,0478704	-0,049874	0,4872368	-0,0617188	-0,04932	-0,0320844	-0,0174556	0,0078276
0,0044192	-0,0137376	-0,0135088	-0,0228228	-0,0250792	-0,0406328	-0,047212	-0,0617188	0,4679796	-0,0831056	-0,0417544	-0,023294	-0,0180404
-0,0050892	-0,0123988	-0,008312	-0,012736	-0,0173692	-0,0276008	-0,0334308	-0,04932	-0,0831056	0,4636112	-0,0606636	-0,036506	-0,0605544
0,0046332	-0,0008404	-0,004466	-0,0073712	-0,0130068	-0,0189164	-0,0221888	-0,0320844	-0,0417544	-0,0606636	0,4315104	-0,1111696	-0,0922512
0,0044796	0,0035812	0,0010112	-0,0003656	-0,0038492	-0,0063464	-0,0110744	-0,0174556	-0,023294	-0,036506	-0,1111696	0,373618	-0,1613996
0,0074648	0,0052756	0,0157496	0,0121232	0,0084092	0,0178708	0,0040996	0,0078276	-0,0180404	-0,0605544	-0,0922512	-0,1613996	0,248074
0,4	0	0	0	0	0	0	0	0	0	0	0	0
34,1780432	32,6772904	31,9717188	31,5143208	30,619138	30,6737616	30,3701564	29,3824452	28,4552244	27,9204432	27,461674	27,18109	27,0613996
29,9589772	27,1692308	34,7076924	0	0	0	0	0	0	0	0	0	0
0,2049716	-0,053498	-0,0294944	-0,022594	-0,0163956	0,0023952	0,0031268	-0,0227552	-0,0059832	-0,0191752	-0,0194436	-0,0117644	-0,0137872
-0,053498	0,2611676	-0,0546724	-0,0447648	-0,0344464	-0,0242148	-0,0143552	-0,0128008	-0,0085732	-0,0077084	-0,008668	-0,0036432	-0,0038244
-0,0294944	-0,0546724	0,248382	-0,0639772	-0,0423416	-0,03596	-0,019728	-0,0059948	0,00173	0,0053468	0,0059732	0,003592	0,0036736
-0,022594	-0,0447648	-0,0639772	0,2731708	-0,051584	-0,0421876	-0,0307728	-0,0145224	-0,009996	-0,0002796	0,00141	0,0019316	0,0056228
-0,0163956	-0,0344464	-0,0423416	-0,051584	0,2833376	-0,050558	-0,0337112	-0,0277264	-0,0235652	-0,0132228	-0,0111628	-0,0069488	0,0031292
0,0023952	-0,0242148	-0,03596	-0,0421876	-0,050558	0,2763504	-0,052594	-0,0283168	-0,0295284	-0,0138764	-0,0087676	-0,001952	0,0070436
0,0031268	-0,0143552	-0,019728	-0,0307728	-0,0337112	-0,052594	0,2791736	-0,0320772	-0,0309836	-0,0126396	-0,007984	-0,0028896	0,0053848
-0,0227552	-0,0128008	-0,0059948	-0,0145224	-0,0277264	-0,0283168	-0,0320772	0,293062	-0,0406324	-0,0374276	-0,0327708	-0,018794	-0,0109948
-0,0059832	-0,0085732	0,00173	-0,009996	-0,0235652	-0,0295284	-0,0309836	-0,0406324	0,285974	-0,0629776	-0,0457296	-0,023058	-0,0143568
-0,0191752	-0,0077084	0,0053468	-0,0002796	-0,0132228	-0,0138764	-0,0126396	-0,0374276	-0,0629776	0,2648708	-0,056888	-0,0208728	-0,0249924
-0,0194436	-0,008668	0,0059732	0,00141	-0,0111628	-0,0087676	-0,007984	-0,0327708	-0,0457296	-0,056888	0,2704628	-0,0556248	-0,0266748
-0,0117644	-0,0036432	0,003592	0,0019316	-0,0069488	-0,001952	-0,0028896	-0,018794	-0,023058	-0,0208728	-0,0556248	0,2362388	-0,093418
-0,0137872	-0,0038244	0,0036736	0,0056228	0,0031292	0,0070436	0,0053848	-0,0109948	-0,0143568	-0,0249924	-0,0266748	-0,093418	0,1685
0,4	0	0	0	0	0	0	0	0	0	0	0	0
27,743118	28,0135572	28,3711952	28,9814948	28,7875804	27,906398	26,9021336	26,0795844	25,2437344	24,7612716	24,3836088	24,0917472	23,7334516
26,5383752	15,3846152	30,0615384	0	0	0	0	0	0	0	0	0	0
0,1648596	-0,0902752	-0,0376252	-0,0219308	-0,0168268	-0,0102256	-0,0028484	-0,0016828	-0,0029544	-0,000034	0,0024592	0,0044176	0,0053908
-0,0902752	0,2536556	-0,0736568	-0,0461708	-0,030042	-0,0182032	-0,0112636	-0,0048628	-0,0022596	-0,0016252	0,0004156	0,0012268	0,0024992
-0,0376252	-0,0736568	0,2668932	-0,0611968	-0,040988	-0,0280648	-0,0152132	-0,0103244	-0,004944	-0,0051212	-0,0021104	-0,0023976	-0,0016712
-0,0219308	-0,0461708	-0,0611968	0,2822852	-0,0496252	-0,0337352	-0,0221848	-0,012108	-0,00858	-0,00441	-0,001496	-0,0005964	-0,0006872
-0,0168268	-0,030042	-0,040988	-0,0496252	0,3018128	-0,0364332	-0,0267824	-0,0220088	-0,0164808	-0,0103808	-0,0088936	-0,0037612	-0,0050976
-0,0102256	-0,0182032	-0,0280648	-0,0337352	-0,0364332	0,3214888	-0,0322828	-0,0294332	-0,0224608	-0,0197304	-0,0163828	-0,0145648	-0,0134896
-0,0028484	-0,0112636	-0,0152132	-0,0221848	-0,0267824	-0,0322828	0,330918	-0,0375572	-0,0315524	-0,027152	-0,025388	-0,0236456	-0,0202776
-0,0016828	-0,0048628	-0,0103244	-0,012108	-0,0220088	-0,0294332	-0,0375572	0,3415284	-0,0362352	-0,03369	-0,031048	-0,0282972	-0,0284764
-0,0029544	-0,0022596	-0,004944	-0,00858	-0,0164808	-0,0224608	-0,0315524	-0,0362352	0,351096	-0,037938	-0,0326588	-0,0327152	-0,0319184
-0,000034	-0,0016252	-0,0051212	-0,00441	-0,0103808	-0,0197304	-0,027152	-0,03369	-0,037938	0,3614312	-0,0374056	-0,035036	-0,0343928
0,0024592	0,0004156	-0,0021104	-0,001496	-0,0088936	-0,0163828	-0,025388	-0,031048	-0,0326588	-0,0374056	0,3506932	-0,0417668	-0,0395016
0,0044176	0,0012268	-0,0023976	-0,0005964	-0,0037612	-0,0145648	-0,0236456	-0,0282972	-0,0327152	-0,035036	-0,0417668	0,344928	-0,048624
0,0053908	0,0024992	-0,0016712	-0,0006872	-0,0050976	-0,0134896	-0,0202776	-0,0284764	-0,0319184	-0,0343928	-0,0395016	-0,048624	0,3342648
0,4	0	0	0	0	0	0	0	0	0	0	0	0
17,3506624	16,2326296	15,8199396	15,6744124	15,641828	15,6211204	15,7152716	15,8163156	15,7926964	15,698444	15,689374	15,6345592	15,6904696
15,8752096	13,046154	17,6	0	0	0	0	0	0	0	0	0	0
0,4510028	-0,2273776	-0,0656944	-0,0061588	-0,0124724	-0,0080436	-0,0028872	-0,009578	-0,0145372	-0,0215784	-0,0307432	-0,0589324	-0,0566976
-0,2273776	0,7974216	-0,237834	-0,0948356	-0,0586996	-0,0459952	-0,033398	-0,0225712	-0,019946	-0,01684	-0,0160464	-0,0167552	-0,0198368
-0,0656944	-0,237834	0,8375932	-0,2468632	-0,0959696	-0,050936	-0,0361292	-0,0200676	-0,0142404	-0,0075444	-0,01349	-0,0086168	-0,018136
-0,0061588	-0,0948356	-0,2468632	0,880252	-0,2639232	-0,0962508	-0,0444148	-0,0230092	-0,0199176	-0,0155608	-0,0027652	-0,0103436	-0,017716
-0,0124724	-0,0586996	-0,0959696	-0,2639232	0,9303036	-0,2572832	-0,0794016	-0,0306944	-0,0160784	-0,0185176	-0,012044	-0,0153628	-0,0185252
-0,0080436	-0,0459952	-0,050936	-0,0962508	-0,2572832	0,9407636	-0,2379412	-0,0667928	-0,0262424	-0,0235532	-0,0148656	-0,0175096	-0,0215924
-0,0028872	-0,033398	-0,0361292	-0,0444148	-0,0794016	-0,2379412	0,9358108	-0,2635124	-0,0819892	-0,0288524	-0,021154	-0,0137864	-0,0245212
-0,009578	-0,0225712	-0,0200676	-0,0230092	-0,0306944	-0,0667928	-0,2635124	0,8902828	-0,2470208	-0,0856744	-0,0309184	-0,0216124	-0,0219048
-0,0145372	-0,019946	-0,0142404	-0,0199176	-0,0160784	-0,0262424	-0,0819892	-0,2470208	0,871464	-0,2394656	-0,07359	-0,0263624	-0,0255176
-0,0215784	-0,01684	-0,0075444	-0,0155608	-0,0185176	-0,0235532	-0,0288524	-0,0856744	-0,2394656	0,86174	-0,22019	-0,0760216	-0,04182
-0,0307432	-0,0160464	-0,01349	-0,0027652	-0,012044	-0,0148656	-0,021154	-0,0309184	-0,07359	-0,22019	0,8246336	-0,2363588	-0,0818048
-0,0589324	-0,0167552	-0,0086168	-0,0103436	-0,0153628	-0,0175096	-0,0137864	-0,0216124	-0,0263624	-0,0760216	-0,2363588	0,82182	-0,2450032
-0,0566976	-0,0198368	-0,018136	-0,017716	-0,0185252	-0,0215924	-0,0245212	-0,0219048	-0,0255176	-0,04182	-0,0818048	-0,2450032	0,6880016
0,4	0	0	0	0	0	0	0	0	0	0	0	0
19,3679764	18,3047208	18,1183944	18,1820916	18,1324064	17,9369548	17,6474092	17,3665316	16,9962524	16,6403796	16,4688952	16,3251588	16,2855836
17,5209812	10,2769232	18,2153848	0	0	0	0	0	0	0	0	0	0
0,44375	-0,049382	-0,0286168	-0,0132772	-0,0077028	-0,0021268	-0,002268	-0,0100464	-0,0131772	-0,0188516	-0,0236684	-0,0224032	-0,0124092
-0,049382	0,4800716	-0,0841756	-0,0582612	-0,0385312	-0,0266072	-0,0154896	-0,0130508	-0,0124184	-0,015678	-0,0186084	-0,0206772	-0,012662
-0,0286168	-0,0841756	0,4570268	-0,0927244	-0,063998	-0,0450676	-0,027128	-0,0189728	-0,014564	-0,0146848	-0,0172852	-0,0170568	-0,0115904
-0,0132772	-0,0582612	-0,0927244	0,4865328	-0,0700924	-0,0575432	-0,0418004	-0,0320288	-0,0240792	-0,018704	-0,016508	-0,0128004	-0,0087268
-0,0077028	-0,0385312	-0,063998	-0,0700924	0,4972508	-0,0679784	-0,0573312	-0,0440956	-0,0298368	-0,0181604	-0,0142864	-0,0054028	-0,0047216
-0,0021268	-0,0266072	-0,0450676	-0,0575432	-0,0679784	0,5099112	-0,0640268	-0,0515344	-0,0350336	-0,0209736	-0,0128476	-0,0038704	-0,0012316
-0,002268	-0,0154896	-0,027128	-0,0418004	-0,0573312	-0,0640268	0,5091624	-0,0525468	-0,038632	-0,0250452	-0,0163148	-0,0072912	-0,0067756
-0,0100464	-0,0130508	-0,0189728	-0,0320288	-0,0440956	-0,0515344	-0,0525468	0,5275736	-0,041014	-0,0324664	-0,0249072	-0,0178588	-0,018386
-0,0131772	-0,0124184	-0,014564	-0,0240792	-0,0298368	-0,0350336	-0,038632	-0,041014	0,528316	-0,0418364	-0,0360532	-0,0315564	-0,0310864
-0,0188516	-0,015678	-0,0146848	-0,018704	-0,0181604	-0,0209736	-0,0250452	-0,0324664	-0,0418364	0,5161808	-0,0512256	-0,0476144	-0,0467364
-0,0236684	-0,0186084	-0,0172852	-0,016508	-0,0142864	-0,0128476	-0,0163148	-0,0249072	-0,0360532	-0,0512256	0,4897816	-0,0594892	-0,0522312
-0,0224032	-0,0206772	-0,0170568	-0,0128004	-0,0054028	-0,0038704	-0,0072912	-0,0178588	-0,0315564	-0,0476144	-0,0594892	0,4666252	-0,0595204
-0,0124092	-0,012662	-0,0115904	-0,0087268	-0,0047216	-0,0012316	-0,0067756	-0,018386	-0,0310864	-0,0467364	-0,0522312	-0,0595204	0,4661348
